# callgrind format
version: 1
creator: callgrind-3.14.0
pid: 16383
cmd:  ./cmake-build-debug/block-memory-allocator
part: 1


desc: I1 cache: 
desc: D1 cache: 
desc: LL cache: 

desc: Timerange: Basic block 0 - 58982
desc: Trigger: Program termination

positions: line
events: Ir
summary: 253384


ob=(2) ???
fl=(17) ???
fn=(484) 0x00000000048a5308
0 1
cob=(3) /usr/lib/x86_64-linux-gnu/libc-2.28.so
cfi=(116) /build/glibc-vjB4T1/glibc-2.28/malloc/malloc.c
cfn=(486) malloc
calls=1 3020 
0 70258

fn=(630) 0x000000000482b278
0 3

fn=(620) 0x000000000482b040
0 1
cob=(3)
cfi=(140) /build/glibc-vjB4T1/glibc-2.28/stdlib/cxa_finalize.c
cfn=(600) __cxa_finalize
calls=1 30 
0 73

fn=(84) 0x0000000004001080
0 3
cob=(1) /usr/lib/x86_64-linux-gnu/ld-2.28.so
cfi=(18) /build/glibc-vjB4T1/glibc-2.28/elf/dl-minimal.c
cfn=(86) free
calls=3 111 
0 12

fn=(316) 0x000000000482b000
0 6

fn=(364) 0x0000000000109000
0 6

fn=(598) 0x00000000001090a0
0 1
cob=(3)
cfi=(140)
cfn=(600)
calls=1 30 
0 73

fn=(612) 0x000000000010a794
0 3

ob=(1)
fl=(23) /build/glibc-vjB4T1/glibc-2.28/elf/dl-load.c
fn=(78) _dl_dst_count
231 4
+3 4
-3 12
+7 4
-7 4
+3 4
cfi=(26) /build/glibc-vjB4T1/glibc-2.28/string/../sysdeps/x86_64/multiarch/../strchr.S
cfn=(80) index
calls=4 24 
* 181
+3 8
+20 28

fn=(64) _dl_init_paths
681 1
+13 3
-13 5
+13 1
-13 1
+13 1
cfi=(24) /build/glibc-vjB4T1/glibc-2.28/elf/dl-hwcaps.c
cfn=(66) _dl_important_hwcaps
calls=1 42 
* 715
+5 1
-5 1
+5 1
cfi=(18)
cfn=(44) malloc
calls=1 50 
* 18
* 1
-1 1
+2 2
+8 2
-1 1
+1 1
-1 3
+4 4
cfi=(18)
cfn=(44)
calls=1 50 
* 18
* 1
* 1
+2 2
+7 1
+8 2
+2 1
+12 1
-23 1
+11 1
+3 1
+9 2
-11 1
+11 1
-8 1
-1 1
+2 1
+4 16
+1 4
-1 12
+1 28
-1 84
+3 8
-8 3
+8 3
-14 6
+10 3
+4 3
-14 3
+6 3
+1 3
-5 3
+1 3
+2 3
+5 3
-3 6
+18 1
-11 1
+6 1
+1 1
+5 2
+2 4
+2 3
+38 4
-19 1
-2 2
+2 2
+21 2
cfi=(13) /build/glibc-vjB4T1/glibc-2.28/string/../sysdeps/x86_64/multiarch/../strlen.S
cfn=(28) strlen
calls=1 79 
* 16
* 8
cfi=(19) /build/glibc-vjB4T1/glibc-2.28/string/../sysdeps/x86_64/multiarch/memmove-vec-unaligned-erms.S
cfn=(46) memcpy
calls=1 128 
* 10
* 1
+5 4
-1 2
+2 56
-1 57
+5 1
cfi=(18)
cfn=(44)
calls=1 50 
* 18
* 1
-1 1
+2 2
+6 7
cfn=(72) fillin_rpath
calls=1 447 
* 628
+3 3
+6 1
+4 7
-37 2

fn=(124) _dl_map_object_from_fd
866 22
+10 2
-10 2
+10 2
-10 6
+10 2
cfi=(28) /build/glibc-vjB4T1/glibc-2.28/elf/dl-debug.c
cfn=(88) _dl_debug_initialize
calls=2 49 
* 16
fi=(36) /build/glibc-vjB4T1/glibc-2.28/elf/../sysdeps/posix/dl-fileid.h
37 6
fe=(23)
876 2
fi=(36)
37 2
cfi=(37) /build/glibc-vjB4T1/glibc-2.28/io/../sysdeps/unix/sysv/linux/wordsize-64/fxstat.c
cfn=(128) _fxstat
calls=2 -4 
* 20
* 4
+4 2
fe=(23)
892 2
fi=(36)
40 2
+1 2
fe=(23)
892 29
+1 10
fi=(36)
49 12
fe=(23)
1406 18
910 4
+24 8
+10 4
+22 8
+32 4
877 2
1001 14
cfi=(16) /build/glibc-vjB4T1/glibc-2.28/elf/dl-object.c
cfn=(36) _dl_new_object
calls=2 59 
* 828
* 2
+1 4
+11 4
+5 2
-5 2
+1 2
+5 2
-5 2
+1 2
+2 2
-2 2
+2 4
+1 6
+20 2
-2 2
+10 2
-8 12
+8 4
+97 2
1040 2
1143 2
-97 2
-7 2
1143 2
1034 2
1143 6
-96 30
-1 147
+1 119
+6 4
+5 4
+1 8
+11 40
+5 56
+8 8
+1 8
-1 8
+1 40
+1 16
+2 8
-2 8
+1 8
-1 8
+3 8
-1 8
-2 8
+3 8
+4 16
+1 24
+5 12
-1 6
-14 6
+14 6
+1 30
+10 6
-10 4
-1 2
-14 2
+14 2
+1 10
+10 2
-44 2
+1 1
+46 3
+4 1
+1 2
+1 3
+3 3
+1 1
+3 1
-3 1
+7 5
+6 1
cfi=(29) /build/glibc-vjB4T1/glibc-2.28/elf/../elf/dl-tls.c
cfn=(160) _dl_next_tls_modid
calls=1 51 
* 6
+1 1
-1 1
+1 1
+19 4
+1 4
+1 2
-6 4
+1 6
+16 4
1014 4
1176 4
+10 4
fi=(39) /build/glibc-vjB4T1/glibc-2.28/elf/./dl-map-segments.h
50 4
fe=(23)
1186 2
fi=(39)
56 2
fe=(23)
1186 6
fi=(39)
56 6
fe=(23)
1186 2
fi=(39)
50 2
fe=(23)
1186 4
fi=(39)
56 4
cfi=(38) /build/glibc-vjB4T1/glibc-2.28/misc/../sysdeps/unix/sysv/linux/mmap64.c
cfn=(130) mmap
calls=2 -12 
* 70
+4 6
-4 2
+4 2
+3 4
+1 2
-1 2
+1 2
+2 4
+7 10
cfi=(48) /build/glibc-vjB4T1/glibc-2.28/misc/../sysdeps/unix/syscall-template.S
cfn=(162) mprotect
calls=1 +5 
* 5
* 3
+7 4
fi=(40) /build/glibc-vjB4T1/glibc-2.28/elf/./dl-load.h
+10 16
+1 6
+2 16
fi=(39)
+11 32
+6 2
+2 2
-2 2
+1 2
+2 4
-1 4
+3 4
+5 4
+17 4
+12 8
-59 40
+2 36
+2 54
cfi=(38)
cfn=(130)
calls=6 -50 
* 198
* 18
fe=(23)
1198 8
+9 6
fi=(3) /build/glibc-vjB4T1/glibc-2.28/elf/get-dynamic-info.h
42 4
+6 2
-2 2
+2 4
+15 2
+5 2
+3 2
-1 2
-3 2
-3 36
+10 8
-26 24
+16 35
+10 35
-26 105
+26 2
-26 6
+2 90
+13 40
+2 8
+3 8
+3 8
+2 2
-1 2
+1 6
+8 4
+20 7
+1 8
+1 8
+1 8
+2 8
+5 8
+1 7
+1 8
+5 6
+5 4
+7 4
+1 6
+18 6
+5 2
+2 2
+2 2
+2 2
+3 6
+2 3
+8 2
+5 2
+3 4
fe=(23)
1214 4
+15 6
+19 4
+2 10
+48 6
+1 2
+3 2
cfi=(42) /build/glibc-vjB4T1/glibc-2.28/io/../sysdeps/unix/sysv/linux/close_nocancel.c
cfn=(140) __GI___close_nocancel
calls=1 26 
* 5
* 2
cfi=(42)
cfn=(140)
calls=1 26 
* 5
* 4
+9 4
+2 8
+2 4
+16 4
cfi=(6) /build/glibc-vjB4T1/glibc-2.28/elf/dl-lookup.c
cfn=(10) _dl_setup_hash
calls=2 940 
* 46
+4 4
+1 4
+17 4
+1 1
+3 1
+5 1
-5 2
+5 1
-5 1
+5 1
-5 2
+5 1
+10 4
+10 6
cfi=(16)
cfn=(48) _dl_add_to_namespace_list
calls=2 31 
* 82
+4 6
fi=(39)
123 4
+8 16
cfi=(41) /build/glibc-vjB4T1/glibc-2.28/string/../sysdeps/x86_64/multiarch/memset-vec-unaligned-erms.S
cfn=(136) memset
calls=2 -22 
* 249
+1 8
-42 2
fi=(40)
+4 5
+2 1
-1 2
+1 1
-1 1
+1 1
-1 1
+1 1
-1 2
+3 4
fi=(39)
+43 9
cfi=(38)
cfn=(130)
calls=1 -97 
* 33
+3 3
fe=(23)

fn=(148) open_path
2009 8
+1 2
+6 2
+5 13
-7 1
+7 2
-8 1
1432 3
2033 6
+7 3
-12 1
+13 1
-1 1
cfi=(19)
cfn=(70) mempcpy
calls=1 115 
* 12
* 1
+55 2
-8 5
-46 2
+46 8
-46 16
+3 16
+4 56
cfi=(19)
cfn=(70)
calls=8 115 
* 101
* 32
cfi=(19)
cfn=(70)
calls=8 115 
* 96
+3 16
+3 24
+3 72
cfn=(118) open_verify.constprop.12
calls=8 1658 
* 424
+2 16
-2 8
+2 24
+2 16
+89 9
-24 7
+7 2
-2 1
+2 3
+3 3
-13 2
-57 16
+1 64
+6 16
+2 16
-2 24
+2 16
cfi=(45) /build/glibc-vjB4T1/glibc-2.28/io/../sysdeps/unix/sysv/linux/wordsize-64/xstat.c
cfn=(150) _xstat
calls=8 33 
* 101
+3 8
-3 16
+1 1
+2 1
-2 1
+2 7
-37 2
+37 7
-37 14

fn=(76) expand_dynamic_string_token
378 6
+10 2
-10 8
+10 2
cfn=(78)
calls=2 231 
* 145
+3 4
+12 2
-11 2
+11 8
-11 2
cfi=(27) /build/glibc-vjB4T1/glibc-2.28/string/strdup.c
cfn=(82) strdup
calls=2 40 
* 184

fn=(118)
1658 120
+39 10
-39 20
+39 20
+31 40
cfi=(34) /build/glibc-vjB4T1/glibc-2.28/io/../sysdeps/unix/sysv/linux/open64_nocancel.c
cfn=(120) __open_nocancel
calls=10 37 
* 184
* 10
+2 20
+11 2
+1 2
+5 2
-5 2
+1 2
-1 2
+5 12
cfi=(35) /build/glibc-vjB4T1/glibc-2.28/io/../sysdeps/unix/sysv/linux/read_nocancel.c
cfn=(122) __read_nocancel
calls=2 26 
* 10
+2 4
+2 4
+2 4
+6 4
+16 18
-65 8
1995 90
1775 14
+74 4
+5 4
+2 8
+6 4
+11 4
+6 2
+1 2
-1 6
+1 6
+1 4
+21 8
1735 8
1902 96
+2 46
+13 6
+3 8
+28 12
-3 18
+15 2
+6 3
-3 1
+1 1
+3 1
-3 2
+1 1
-1 1
-1 1
+4 2
1775 2
1991 4
cob=(2)
cfi=(17)
cfn=(84)
calls=2 0 
* 10
* 2
-43 12
+3 2
-4 2
+4 4
+5 1
+1 2
-36 8

fn=(72)
447 7
+2 1
-2 9
+4 3
cfi=(18)
cfn=(74) strsep
calls=1 265 
* 281
* 3
cfi=(18)
cfn=(74)
calls=1 265 
* 7
* 6
+7 2
+2 3
cfn=(76)
calls=1 -82 
* 120
* 1
+4 2
+5 2
cfi=(13)
cfn=(28)
calls=1 79 
* 16
+1 2
+7 6
+9 17
+1 8
+57 2
cob=(2)
cfi=(17)
cfn=(84)
calls=1 0 
* 5
* 1
-39 2
+4 8
cfi=(18)
cfn=(44)
calls=1 50 
* 18
* 1
+2 3
+5 1
+1 2
-2 2
+2 1
cfi=(19)
cfn=(70)
calls=1 115 
* 12
+1 1
+2 1
-3 1
+1 1
+2 1
+6 3
+1 1
-1 1
+1 3
+1 1
-1 3
+1 7
-1 21
+3 1
+1 1
-1 1
+1 1
+8 1
-1 1
+4 3
-65 2
+5 4
+23 2
+43 1
+3 9
-15 2

fn=(114) _dl_map_object
2157 27
+8 6
+1 12
+3 42
+5 49
+2 21
cfi=(33) /build/glibc-vjB4T1/glibc-2.28/elf/dl-misc.c
cfn=(116) _dl_name_match_p
calls=7 282 
* 679
* 14
+4 12
+1 18
+3 2
+1 2
+1 2
-1 2
+1 2
cfi=(20) /build/glibc-vjB4T1/glibc-2.28/string/../sysdeps/x86_64/strcmp.S
cfn=(54) strcmp
calls=2 144 
* 48
* 4
2468 27
2202 12
-43 2
+53 6
+36 4
-2 2
+2 2
cfi=(26)
cfn=(80)
calls=2 24 
* 46
* 4
2399 2
-1 3
cfn=(76)
calls=1 378 
* 245
+2 1
-3 1
+3 2
+4 9
cfn=(118)
calls=1 1658 
* 240
+3 2
-3 1
+3 2
+12 4
+46 1
+1 3
-1 1
+1 9
cfn=(124)
calls=1 866 
* 1654
-1 1
+1 3
-1 1
+1 9
cfn=(124)
calls=1 866 
* 1956
* 6
2252 2
cfi=(13)
cfn=(28)
calls=1 79 
* 16
* 2
+2 2
+7 4
+36 12
cfn=(148)
calls=1 2009 
* 1328
+6 1
-6 1
+6 4
659 1
2304 1
659 2
2391 2
+28 4
+2 4
2312 1
+14 2
+2 3
+4 2
cfi=(46) /build/glibc-vjB4T1/glibc-2.28/elf/dl-cache.c
cfn=(152) _dl_load_cache_lookup
calls=1 187 
* 1704
* 1
+2 2
+4 2
+8 3
+23 10
cfn=(118)
calls=1 1658 
* 250
+4 3
-4 1
+4 2
+1 2
2265 1
+1 2
-1 4
+8 7
-3 3
659 1
2271 1
659 2
2271 3
+14 2
+1 8
659 1
2287 1
659 2
2296 2
+1 2

fl=(2) /build/glibc-vjB4T1/glibc-2.28/elf/rtld.c
fn=(94) handle_ld_preload
838 3
+1 1
-1 7
+5 2
+3 3
cfi=(30) /build/glibc-vjB4T1/glibc-2.28/string/../sysdeps/x86_64/strcspn.S
cfn=(96) strcspn
calls=1 30 
* 271
* 1
+1 3
+9 1
+4 1
-2 2
+2 1
cfn=(98) dso_name_valid_for_suid
calls=1 122 
* 14
* 2
+1 4
cfn=(100) do_preload
calls=1 751 
* 2623
* 1
-18 2
+21 8
-15 4
cfi=(19)
cfn=(46)
calls=1 128 
* 26
+1 2

fn=(112) map_doit
589 1
+2 1
-2 1
+2 1
+1 2
-1 2
+1 3
cfi=(23)
cfn=(114)
calls=1 2157 
* 2507
* 1
+2 2

fn=(172) version_check_doit
622 2
+2 4
cfi=(52) /build/glibc-vjB4T1/glibc-2.28/elf/dl-version.c
cfn=(174) _dl_check_all_versions
calls=1 362 
* 2411
* 2
+4 2

fn=(50) rtld_lock_default_lock_recursive
785 5
+1 5

fn=(2) _dl_start
445 9
+19 4
fi=(3)
48 1
fe=(2)
464 1
fi=(5) /build/glibc-vjB4T1/glibc-2.28/elf/../sysdeps/x86_64/dl-machine.h
59 3
fe=(2)
490 1
-3 1
fi=(3)
48 2
+15 1
+5 1
+3 1
+2 2
-6 1
+3 1
+3 1
-6 1
+3 2
-6 16
+10 4
-26 12
+16 13
+10 13
-26 39
+26 1
-26 3
+2 36
+13 20
+2 4
+16 2
+20 4
+1 4
+1 4
+1 4
+2 4
+5 4
+1 4
+1 4
+5 3
+5 2
+7 3
+1 3
+8 3
+3 3
+4 2
+1 2
fe=(2)
501 2
394 1
508 1
394 1
cfi=(6)
cfn=(10)
calls=1 940 
* 23
+1 2
+1 2
+1 2
+1 2
+8 3
+9 2
-9 1
+3 1
-3 1
+9 1
cfi=(7) /build/glibc-vjB4T1/glibc-2.28/elf/../elf/dl-sysdep.c
cfn=(12) _dl_sysdep_start
calls=1 88 
* 120283
* 1
+9 4
+3 2
+4 2
533 9
fi=(3)
68 4
fe=(2)
506 25
fi=(4) /build/glibc-vjB4T1/glibc-2.28/elf/do-rel.h
84 1
-1 1
+28 3
+1 2
fi=(5)
538 2
fi=(4)
112 78
fi=(5)
538 78
+1 40
fi=(4)
111 40
fi=(5)
539 80
fi=(4)
111 80
+5 2
fi=(5)
333 1
+87 1
fi=(4)
124 2
+12 9
+3 9
-3 9
fi=(5)
273 9
fi=(4)
139 9
-3 9
+1 18
fi=(5)
301 18
+8 90
+3 18
+21 54
fi=(3)
71 4
+1 1
+1 2
fi=(4)
+51 28
fi=(5)
352 18
+1 9
fe=(2)

fn=(32) dl_main
871 1
+17 1
-17 4
2495 1
871 5
+17 1
+4 1
2480 1
892 1
+1 2
+5 1
2480 1
898 1
2473 1
871 1
2473 1
+7 2
871 1
2475 1
+5 1
-4 1
+4 1
+2 4
cfi=(15) /build/glibc-vjB4T1/glibc-2.28/elf/dl-environ.c
cfn=(34) _dl_next_ld_env_entry
calls=1 29 
* 68
* 4
cfi=(15)
cfn=(34)
calls=2 29 
* 266
* 6
+4 6
-2 2
+2 42
+1 19
-1 57
+3 4
+6 13
2644 3
+32 3
908 4
2571 3
+1 3
-56 2
+7 2
1109 7
cfi=(16)
cfn=(36)
calls=1 59 
* 230
* 1
+2 2
+1 1
+1 1
+5 2
-5 1
+1 3
+4 1
cfi=(16)
cfn=(48)
calls=1 31 
* 33
+1 2
880 1
1148 1
-5 1
-3 1
+1 1
+7 1
-5 1
+5 1
-3 1
+3 3
+56 2
877 1
1167 1
+22 1
+15 2
-55 36
-1 33
+1 55
1257 5
+3 2
+2 2
+2 2
+13 3
+3 1
-2 1
+2 1
-2 2
+2 1
-2 2
cfi=(20)
cfn=(54)
calls=1 144 
* 24
* 2
+10 1
-3 1
-2 1
+3 1
+2 2
+1 2
+4 2
+2 2
fi=(3)
33 1
+9 2
+6 1
-2 1
+2 2
+15 1
+5 1
+3 1
+2 1
-3 1
-3 1
-3 22
+10 5
-26 15
+16 19
+10 19
-26 57
+26 1
-26 3
+2 50
+13 24
+2 4
+16 3
+20 3
+1 4
+1 4
+1 4
+2 4
+5 4
+1 4
+1 4
+5 3
+5 2
+7 2
+1 3
+18 3
+14 3
+2 3
+8 2
+5 2
+3 2
fe=(2)
1300 2
cfi=(6)
cfn=(10)
calls=1 940 
* 23
+3 2
fi=(21) /build/glibc-vjB4T1/glibc-2.28/elf/setup-vdso.h
24 2
fe=(2)
1244 2
+1 2
+1 1
-6 2
+1 1
-88 3
+1 1
+50 4
-1 4
+1 8
-1 4
+2 8
+1 1
+3 2
+1 2
-1 6
+1 6
+1 4
+1 10
+1 2
-36 1
-9 2
+2 1
-3 1
+10 2
+18 2
-37 3
+1 1
1319 4
+6 1
cfi=(10) /build/glibc-vjB4T1/glibc-2.28/elf/../sysdeps/unix/sysv/linux/dl-sysdep.c
cfn=(60) _dl_discover_osversion
calls=1 46 
* 86
* 9
fi=(3)
68 4
+3 4
+1 1
+1 3
fe=(2)
1330 2
cfi=(23)
cfn=(64)
calls=1 681 
* 1846
+3 3
cfi=(28)
cfn=(88)
calls=1 49 
* 17
+7 1
-7 1
+2 1
+5 1
+4 1
+3 1
-3 3
+1 2
+3 1
+5 1
-7 1
+7 1
+1 5
+15 1
+2 2
+1 2
+2 2
+3 1
-1 1
+1 2
+5 3
+1 5
-1 2
-39 4
+42 2
+1 2
+5 2
+6 5
-1 1
+2 2
1577 1
cfi=(29)
cfn=(90) _dl_count_modids
calls=1 113 
* 4
* 1
+8 3
+3 2
+4 3
+5 2
+1 1
cfi=(28)
cfn=(92) _dl_debug_state
calls=1 74 
* 1
+5 3
+15 3
+4 1
-2 1
+2 2
+16 3
cfi=(43) /build/glibc-vjB4T1/glibc-2.28/io/../sysdeps/unix/sysv/linux/access.c
cfn=(142) access
calls=1 27 
* 8
* 2
+77 4
+17 3
+1 2
-1 1
+1 2
-1 1
+1 4
cfi=(44) /build/glibc-vjB4T1/glibc-2.28/elf/dl-deps.c
cfn=(144) _dl_map_object_deps
calls=1 159 
* 7647
+1 3
+5 1
-5 1
+2 3
+3 2
+1 16
-1 6
+1 3
-1 2
+4 3
+1 3
+1 1
+2 2
+1 2
-1 2
+1 11
-1 6
+47 2
+2 2
-1 1
-1 3
+2 4
cfi=(31) /build/glibc-vjB4T1/glibc-2.28/elf/dl-error-skeleton.c
cfn=(170) _dl_receive_error
calls=1 226 
* 2436
+10 1
+1 1
-1 1
+1 1
+3 2
800 1
fi=(143) /build/glibc-vjB4T1/glibc-2.28/elf/../sysdeps/unix/sysv/linux/dl-osinfo.h
64 2
fe=(2)
802 1
fi=(143)
77 1
fe=(2)
811 1
+7 1
-5 1
1815 3
2045 3
2523 4
+2 2
+1 1
+13 1
1760 1
+1 1
-1 1
+1 2
+2 1
+2 3
+2 1
-4 1
+5 1
-1 2
+14 2
+1 2
+1 3
2152 2
-47 1
+6 1
-10 1
+4 1
+6 1
+3 2
+56 3
+7 1
+2 3
+1 1
-1 2
+2 15
+2 12
+5 8
+2 8
+6 4
+2 8
+1 24
cfi=(53) /build/glibc-vjB4T1/glibc-2.28/elf/dl-reloc.c
cfn=(186) _dl_relocate_object
calls=3 148 
* 74388
+4 10
+1 2
cfi=(29)
cfn=(300) _dl_add_to_slotinfo
calls=1 887 
* 20
* 1
-12 1
+1 1
-3 2
+16 4
+2 3
+6 1
-6 1
+6 1
+5 4
+2 1
+7 3
cfi=(29)
cfn=(302) _dl_allocate_tls_init
calls=1 437 
* 129
+3 2
+9 3
+2 4
+15 3
+2 1
+1 1
-3 1
+3 2
-3 1
+3 2
cfi=(53)
cfn=(186)
calls=1 148 
* 6686
+1 4
+2 3
+8 1
cfi=(7)
cfn=(304) _dl_sysdep_start_cleanup
calls=1 260 
* 1
+4 3
+20 3
cfi=(28)
cfn=(88)
calls=1 49 
* 8
+1 1
+1 1
cfi=(28)
cfn=(92)
calls=1 74 
* 1
+5 1
cfi=(46)
cfn=(306) _dl_unload_cache
calls=1 328 
* 15
+5 8
2572 2
+2 2
+1 1
1758 2
-39 1
+1 1
-1 6
+4 3
+1 1
+1 2
+1 2
-7 2
-95 3
+1 1
-1 2
+1 1
cfn=(94)
calls=1 838 
* 2982
* 1
+1 4
+2 4
1808 1
cfn=(178) init_tls
calls=1 682 
* 553
* 2

fn=(100)
751 1
+12 1
-12 5
+10 1
-4 1
+6 2
-5 1
+5 2
-10 1
+6 1
+4 1
cfi=(31)
cfn=(104) _dl_catch_error
calls=1 213 
* 2594
* 1
+1 3
+8 3
+6 5

fn=(98)
122 4
+1 3
+8 2
+1 5

fn=(52) rtld_lock_default_unlock_recursive
791 5
+1 5

fn=(178)
682 1
+2 1
+4 1
-4 1
+4 1
+10 4
cfi=(18)
cfn=(40) calloc
calls=1 92 
* 27
* 1
-4 1
+15 1
-12 1
+6 1
-9 1
+11 1
+4 1
+2 3
-1 2
+3 12
+4 1
+2 1
-2 1
+2 2
-7 1
-1 2
+1 3
-1 6
+10 2
+3 1
cfi=(29)
cfn=(180) _dl_determine_tlsoffset
calls=1 135 
* 66
+7 1
cfi=(29)
cfn=(182) _dl_allocate_tls_storage
calls=1 332 
* 389
* 1
+1 2
+6 1
+3 1
-3 1
+3 6
+6 1
-3 1
+3 2

fl=(11) /build/glibc-vjB4T1/glibc-2.28/elf/../sysdeps/unix/sysv/linux/x86_64/brk.c
fn=(20) brk
31 5
+2 2
+6 1
+1 1

fl=(53)
fn=(186)
148 40
+15 4
-15 8
+15 4
+1 20
+6 8
+6 20
-18 8
+22 8
+7 16
+44 4
fi=(5)
76 4
fe=(53)
231 8
fi=(5)
76 12
+6 6
+4 9
+14 3
-8 3
+8 6
+20 6
+11 12
fe=(53)
258 138
-99 6
fi=(5)
479 9
fe=(53)
159 6
fi=(4)
47 3
-1 3
+2 3
-1 3
+11 6
fe=(53)
258 1
-99 2
fi=(5)
479 3
fe=(53)
159 2
fi=(4)
47 1
-1 1
+2 1
-1 1
+11 2
-11 4
-1 4
+2 4
-1 4
+11 8
-7 3
-1 3
+11 12
fi=(5)
549 30
+4 30
+3 45
+1 15
fi=(4)
61 162
+2 220
+2 121
-4 3
+13 6
+1 4
+1 80
fi=(5)
549 40
+26 40
-1 80
-25 40
+26 80
+1 40
cob=(3)
cfi=(81) /build/glibc-vjB4T1/glibc-2.28/time/../sysdeps/unix/sysv/linux/x86/gettimeofday.c
cfn=(294) gettimeofday
calls=1 42 
* 81
cob=(3)
cfi=(58) /build/glibc-vjB4T1/glibc-2.28/string/../sysdeps/x86_64/multiarch/ifunc-strcasecmp.h
cfn=(290) strncasecmp_l
calls=1 32 
* 6
cob=(3)
cfi=(61) /build/glibc-vjB4T1/glibc-2.28/string/../sysdeps/x86_64/multiarch/ifunc-avx2.h
cfn=(288) strchrnul
calls=1 32 
* 8
cob=(3)
cfi=(56) /build/glibc-vjB4T1/glibc-2.28/string/../sysdeps/x86_64/multiarch/ifunc-unaligned-ssse3.h
cfn=(284) stpcpy
calls=1 33 
* 5
cob=(3)
cfi=(56)
cfn=(280) stpncpy
calls=1 33 
* 5
cob=(3)
cfi=(71) /build/glibc-vjB4T1/glibc-2.28/string/../sysdeps/x86_64/multiarch/ifunc-sse4_2.h
cfn=(278) strspn
calls=1 30 
* 6
cob=(3)
cfi=(65) /build/glibc-vjB4T1/glibc-2.28/wcsmbs/../sysdeps/x86_64/multiarch/ifunc-avx2.h
cfn=(276) wcslen
calls=1 32 
* 8
cob=(3)
cfi=(61)
cfn=(274) memchr
calls=1 32 
* 8
cob=(3)
cfi=(58)
cfn=(270) strcasecmp_l
calls=1 32 
* 6
cob=(3)
cfi=(61)
cfn=(268) memrchr
calls=1 32 
* 8
cob=(3)
cfi=(61)
cfn=(266) strlen
calls=1 32 
* 8
cob=(3)
cfi=(76) /build/glibc-vjB4T1/glibc-2.28/string/../sysdeps/x86_64/multiarch/strchr.c
cfn=(264) index
calls=1 40 
* 8
cob=(3)
cfi=(71)
cfn=(262) strpbrk
calls=1 30 
* 6
cob=(3)
cfi=(75) /build/glibc-vjB4T1/glibc-2.28/wcsmbs/../sysdeps/x86_64/multiarch/ifunc-wmemset.h
cfn=(260) wmemset
calls=2 32 
* 26
cob=(3)
cfi=(74) /build/glibc-vjB4T1/glibc-2.28/wcsmbs/../sysdeps/x86_64/multiarch/wcsnlen.c
cfn=(258) wcsnlen
calls=1 40 
* 7
cob=(3)
cfi=(55) /build/glibc-vjB4T1/glibc-2.28/string/../sysdeps/x86_64/multiarch/ifunc-memmove.h
cfn=(256) memcpy@@GLIBC_2.14
calls=1 45 
* 16
cob=(3)
cfi=(56)
cfn=(252) strcpy
calls=1 33 
* 5
cob=(3)
cfi=(58)
cfn=(248) strncasecmp
calls=1 32 
* 6
cob=(3)
cfi=(71)
cfn=(246) strcspn
calls=1 30 
* 6
cob=(3)
cfi=(61)
cfn=(244) strnlen
calls=2 32 
* 16
cob=(3)
cfi=(65)
cfn=(242) wcschr
calls=2 32 
* 16
cob=(3)
cfi=(70) /build/glibc-vjB4T1/glibc-2.28/string/../sysdeps/x86_64/multiarch/ifunc-memset.h
cfn=(240) memset
calls=1 42 
* 18
cob=(3)
cfi=(69) /build/glibc-vjB4T1/glibc-2.28/string/../sysdeps/x86_64/multiarch/strcmp.c
cfn=(238) strcmp
calls=1 41 
* 8
cob=(3)
cfi=(68) /build/glibc-vjB4T1/glibc-2.28/string/../sysdeps/x86_64/multiarch/strncmp.c
cfn=(236) strncmp
calls=1 41 
* 8
cob=(3)
cfi=(66) /build/glibc-vjB4T1/glibc-2.28/string/../sysdeps/x86_64/multiarch/ifunc-memcmp.h
cfn=(232) bcmp
calls=1 33 
* 13
cob=(3)
cfi=(55)
cfn=(230) mempcpy
calls=1 45 
* 16
cob=(3)
cfi=(65)
cfn=(228) wcscmp
calls=1 32 
* 8
cob=(3)
cfi=(65)
cfn=(226) wmemchr
calls=2 32 
* 16
cob=(3)
cfi=(61)
cfn=(224) rawmemchr
calls=1 32 
* 8
cob=(3)
cfi=(62) /build/glibc-vjB4T1/glibc-2.28/time/../sysdeps/unix/sysv/linux/x86/time.c
cfn=(218) time
calls=1 43 
* 81
cob=(3)
cfi=(61)
cfn=(216) rindex
calls=1 32 
* 8
cob=(3)
cfi=(56)
cfn=(212) strcat
calls=1 33 
* 5
cob=(3)
cfi=(58)
cfn=(208) strcasecmp
calls=1 32 
* 6
cob=(3)
cfi=(56)
cfn=(204) strncpy
calls=1 33 
* 5
cob=(3)
cfi=(55)
cfn=(202) memmove
calls=2 45 
* 32
fi=(4)
75 40
fi=(5)
577 40
fi=(4)
75 83
fe=(53)
258 2
fi=(4)
75 14
fe=(53)
258 14
+3 16
+24 4
+3 8
+17 8
177 8
fi=(4)
-93 5
+2 5
+12 5
-12 5
-3 10
+15 10
+10 6
+10 6
+3 8
+3 8
-73 3
-1 3
fi=(5)
489 9
fi=(4)
127 416
+9 208
+2 104
-2 208
+3 104
-2 104
+2 208
-2 312
fi=(5)
276 208
+21 208
+4 208
+7 416
fi=(54) /build/glibc-vjB4T1/glibc-2.28/elf/../sysdeps/generic/ldsodefs.h
109 261
fi=(5)
308 1699
fi=(4)
138 84
fi=(5)
308 84
fi=(4)
138 84
fi=(5)
308 84
fi=(4)
138 84
fi=(5)
308 1176
cfi=(6)
cfn=(194) _dl_lookup_symbol_x
calls=84 791 
* 49865
* 504
+1 261
+24 624
456 261
+1 87
fi=(4)
124 312
+19 15
fi=(5)
428 51
+4 68
+5 17
+9 17
-9 34
+9 34
fi=(4)
111 9
+1 3
fi=(5)
533 3
fi=(4)
112 3
fi=(5)
533 6
fi=(4)
112 1237
fi=(5)
533 1237
fi=(4)
112 1237
fi=(5)
533 2474
+5 2480
+1 1240
fi=(4)
111 1240
fi=(5)
539 2480
fi=(4)
111 2480
+7 9
-67 1
160 5
+2 20
+9 15
-1 30
fi=(5)
276 10
+21 10
+4 10
+7 20
fi=(54)
109 15
fi=(5)
308 165
cfi=(6)
cfn=(194)
calls=5 791 
* 2604
* 35
+1 15
+24 30
-25 34
+1 149
+3 98
-3 98
+3 196
-4 21
+1 324
561 24
fe=(53)
306 8
cfn=(298) _dl_protect_relro
calls=4 +7 
* 104
+1 32
fi=(5)
124 12
-2 6
fe=(53)
258 3
fi=(5)
+50 39
456 15
+1 5
fi=(4)
160 16
+14 3
fi=(5)
309 1
+3 1
-3 1
+3 2
-3 4
-1 54
fe=(53)

fn=(298)
313 16
+3 4
-3 4
+3 4
-3 4
+3 4
+4 8
-8 4
+9 20
cfi=(48)
cfn=(162)
calls=4 78 
* 20
* 8
+6 8

fl=(31)
fn=(108) _dl_catch_exception
175 6
+15 3
-3 3
+1 3
-1 3
+4 3
-16 3
+19 3
-3 3
+3 3
-19 3
+13 3
+2 3
+4 3
cfi=(32) /build/glibc-vjB4T1/glibc-2.28/setjmp/../sysdeps/x86_64/setjmp.S
cfn=(110) __sigsetjmp
calls=3 32 
* 57
* 9
+2 9
cfi=(44)
cfn=(146) openaux
calls=2 61 
* 6146
cfi=(2)
cfn=(112)
calls=1 589 
* 2521
+2 3
-1 3
+1 3
-1 3
+1 6
+9 12

fn=(104)
213 4
+2 1
-2 2
+2 1
-2 1
+2 2
cfn=(108)
calls=1 -40 
* 2571
* 1
+1 2
+1 1
+1 1
-1 1
+1 1
+2 5

fn=(170)
226 3
+1 1
+1 1
+3 1
+1 1
+2 2
cfi=(2)
cfn=(172)
calls=1 622 
* 2421
+2 1
+1 1
+1 4

fl=(103) /build/glibc-vjB4T1/glibc-2.28/elf/../elf/dl-runtime.c
fn=(402) _dl_fixup
66 16
+6 16
-6 8
+3 16
+3 24
-4 8
+5 8
+2 8
-2 40
+2 8
-2 8
+2 8
+5 16
+4 16
+4 24
+4 16
+1 32
-7 32
+16 8
-1 8
+1 16
+10 72
cfi=(6)
cfn=(194)
calls=8 791 
* 6353
* 8
+4 40
+10 72
+15 8
-8 8
+8 24
+4 24
fi=(5)
+97 8
fe=(103)
-93 24

fl=(13)
fn=(28)
79 14
+1 14
+1 14
+1 14
+1 14
+1 14
+1 14
+2 14
+2 14
+31 14
+1 14
+1 14
+1 14
+1 14
+1 8
+2 8
+4 6
+1 6
+1 6
+1 6
+1 6
+1 6
+1 6
+1 6
+1 6
+1 6
+1 6
+1 6
+5 42
+74 3
+1 3
+1 3
+1 3
+1 3
+1 3
+1 3
+1 3
+16 3
+2 3
+1 42
+2 3
+1 3
+1 3
+2 3

fl=(33)
fn=(116)
282 240
+1 96
cfi=(20)
cfn=(54)
calls=48 144 
* 1152
+1 48
-1 96
+3 48
+2 96
+4 49
-4 98
+1 156
cfi=(20)
cfn=(54)
calls=52 144 
* 1370
* 104
-5 3
+11 60
-1 45
+1 180

fn=(154) _dl_sysdep_read_whole_file
44 1
+3 1
-3 3
+3 1
-3 4
+3 1
cfi=(34)
cfn=(120)
calls=1 -10 
* 16
+1 2
+23 7
-21 5
cfi=(37)
cfn=(128)
calls=1 -17 
* 10
* 2
+2 2
+3 2
+13 2
cfi=(42)
cfn=(140)
calls=1 -42 
* 5
* 1
-11 6
cfi=(38)
cfn=(130)
calls=1 -13 
* 35
* 2

fl=(139) /build/glibc-vjB4T1/glibc-2.28/elf/dl-fini.c
fn=(590) _dl_fini
30 8
+20 3
-3 6
+3 4
+3 2
cfi=(2)
cfn=(50)
calls=1 785 
* 2
+2 1
+3 2
+2 6
+8 1
-3 1
+8 1
-5 5
+5 1
+2 8
+2 8
+2 8
+1 4
+1 4
+4 4
-12 12
+14 6
+1 4
+6 3
cfi=(51) /build/glibc-vjB4T1/glibc-2.28/elf/dl-sort-maps.c
cfn=(168) _dl_sort_maps
calls=1 -66 
* 241
+10 2
cfi=(2)
cfn=(52)
calls=1 791 
* 2
+5 6
+2 1
+2 3
-2 3
+2 9
+3 8
+3 12
+4 4
+11 2
+1 2
-1 2
+2 2
-2 2
+2 2
-2 2
+3 8
+1 2
cob=(4) /usr/lib/x86_64-linux-gnu/valgrind/vgpreload_core-amd64-linux.so
cfi=(83) ???
cfn=(614) 0x00000000000010c0
calls=1 0 
* 91
cob=(5) /home/panda/git/block-memory-allocator/cmake-build-debug/block-memory-allocator
cfi=(93) ???
cfn=(592) 0x0000000000001150
calls=1 0 
* 91
* 2
-1 6
+5 4
+1 6
cob=(2)
cfi=(17)
cfn=(630)
calls=1 0 
* 3
cob=(2)
cfi=(17)
cfn=(612)
calls=1 0 
* 3
+6 24
+16 8
-56 10
+11 6
-26 7
+77 6
+6 2
+7 8

fl=(14) /build/glibc-vjB4T1/glibc-2.28/elf/../misc/sbrk.c
fn=(30) sbrk
32 4
+8 6
+4 2
+16 5

fl=(28)
fn=(88)
49 8
+5 6
+5 2
-1 1
+1 2
+1 2
-1 1
+5 1
-14 4
+4 8
+3 1
+1 5

fn=(92)
74 2

fl=(16)
fn=(36)
59 33
+1 3
-1 3
+1 6
cfi=(13)
cfn=(28)
calls=3 +19 
* 92
+6 3
+7 3
-13 6
+6 6
-6 3
+6 9
+2 6
+5 9
cfi=(18)
cfn=(40)
calls=3 +19 
* 147
* 3
* 3
+3 6
+4 3
+5 3
-6 3
+6 3
-5 3
+5 3
-5 3
+5 3
-1 3
+1 3
-1 3
+1 3
cfi=(19)
cfn=(46)
calls=3 +43 
* 49
* 3
+10 3
-10 3
+10 3
+1 3
-9 3
+8 9
+1 3
-1 3
+1 12
+3 6
+2 3
+4 3
+3 11
+2 2
-2 2
+2 30
-2 30
+18 6
-5 3
+5 3
-6 3
+6 3
-6 3
+6 6
+2 6
+3 4
+4 6
+4 4
+2 1
+6 1
+3 1
+3 2
-3 1
+3 1
-3 2
+3 4
-3 2
+3 2
+2 2
+21 2
-21 2
cfi=(13)
cfn=(28)
calls=2 -76 
* 94
+4 2
-4 6
+17 2
-13 6
+50 6
cfi=(19)
cfn=(70)
calls=2 -94 
* 40
* 42
+6 40
-1 40
+1 42
-1 2
+1 2
+2 4
+3 2
+3 2
+4 27
100 8
+39 6
-15 1
+7 4
+32 4
cfi=(18)
cfn=(44)
calls=2 50 
* 36
* 2
* 2
+1 8

fn=(48)
31 9
+2 3
-2 6
+2 6
cfi=(2)
cfn=(50)
calls=3 785 
* 6
+2 22
+3 15
+2 2
+2 2
+4 2
+4 2
+1 2
-5 4
+1 2
+4 2
-4 2
+1 2
+3 2
-3 2
+2 2
cfi=(2)
cfn=(52)
calls=2 791 
* 4
-4 1
+4 1
+1 1
-5 2
+1 1
+4 1
-4 1
+1 1
+3 1
-3 1
+2 1
cfi=(2)
cfn=(52)
calls=1 791 
* 2
-5 2

fl=(46)
fn=(306)
328 4
-1 1
+3 2
cfi=(48)
cfn=(308) munmap
calls=1 78 
* 5
+1 1
+2 2

fn=(152)
187 9
+8 2
+3 3
+51 4
+11 1
-2 3
fi=(47) /build/glibc-vjB4T1/glibc-2.28/elf/../sysdeps/x86/dl-procinfo.h
39 2
+3 3
cfi=(20)
cfn=(54)
calls=1 144 
* 24
* 2
fe=(46)
264 4
cfi=(8) /build/glibc-vjB4T1/glibc-2.28/elf/dl-tunables.c
cfn=(26) __tunable_get_val
calls=1 373 
* 18
* 1
+23 1
-23 1
+8 1
+15 1
-15 1
+15 128
cfn=(158) _dl_cache_libcmp
calls=10 142 
* 691
* 84
cfn=(158)
calls=2 142 
* 215
* 5
cfn=(158)
calls=1 142 
* 145
* 10
-15 2
+15 6
-14 2
-1 3
+15 36
+16 2
+4 2
+8 3
cfi=(13)
cfn=(28)
calls=1 79 
* 34
+1 1
-1 6
+1 2
cfi=(19)
cfn=(46)
calls=1 128 
* 10
+1 2
cfi=(27)
cfn=(82)
calls=1 40 
* 80
+1 8
201 4
cfi=(33)
cfn=(154)
calls=1 44 
* 108
* 1
+8 5
+1 7
+7 1
-3 1
+3 3
+3 1
+1 1
-1 1
+1 2
+1 8
fi=(47)
42 2
fe=(46)
262 1

fn=(158)
142 52
+2 284
+20 136
+2 136
+4 58
-28 58
+29 116
-29 116
+4 6
+8 3
-2 6
+1 6
+1 6
-2 3
+2 3
+2 9
-3 3
+3 3
+2 6
cfn=(159) _dl_cache_libcmp'2
calls=3 -16 
* 21
+9 20

fn=(159)
142 12
+32 9

fl=(102) /build/glibc-vjB4T1/glibc-2.28/elf/../sysdeps/x86_64/dl-trampoline.h
fn=(400) _dl_runtime_resolve_xsave
72 6
+3 6
+2 6
+10 6
+6 6
+1 6
+1 6
+1 6
+1 6
+1 6
+1 6
+4 6
+1 6
+3 6
+1 6
+2 6
+1 6
+1 6
+1 6
+1 6
+1 6
+2 6
+7 6
+1 6
+1 6
cfi=(103)
cfn=(402)
calls=6 -60 
* 4823
+1 6
+5 6
+1 6
+1 6
+2 6
+1 6
+1 6
+1 6
+1 6
+1 6
+1 6
+2 6
+2 6
+4 6
+3 6

fn=(401) _dl_runtime_resolve_xsave'2
72 2
+3 2
+2 2
+10 2
+6 2
+1 2
+1 2
+1 2
+1 2
+1 2
+1 2
+4 2
+1 2
+3 2
+1 2
+2 2
+1 2
+1 2
+1 2
+1 2
+1 2
+2 2
+7 2
+1 2
+1 2
cfi=(103)
cfn=(402)
calls=2 -60 
* 2154
+1 2
+5 2
+1 2
+1 2
+2 2
+1 2
+1 2
+1 2
+1 2
+1 2
+1 2
+2 2
+2 2
+4 2
+3 2

fl=(51)
fn=(168)
28 18
+2 16
+4 2
+1 4
-1 4
-1 2
+1 12
+1 2
cfi=(41)
cfn=(136)
calls=2 +74 
* 30
* 18
+4 8
+3 2
-3 4
+1 6
+2 2
-3 16
+3 4
-3 8
+1 12
+2 4
+12 24
+2 12
+1 8
-1 6
+1 4
+33 12
+21 12
-57 12
+61 28
-56 18
+1 12
+58 24
cfi=(41)
cfn=(136)
calls=4 -9 
* 64
* 12
-28 9
-44 12
+69 2
+7 16

fl=(34)
fn=(120)
37 11
-3 11
+3 66
+8 77
+2 3
-2 24
+2 8

fl=(19)
fn=(70)
115 26
+1 26
+1 26
+17 26
+1 26
+1 4
+1 4
+5 3
+1 3
+1 3
+1 3
+5 3
280 22
+1 22
+1 8
+1 8
+1 3
+1 3
+1 1
+4 1
+22 14
+1 14
+1 14
+1 14
+1 14
+3 5
+1 5
+1 5
+1 5
+1 5
+3 2
+1 2
+1 2
+1 2
+1 2
+10 1
+1 1
+1 1
+1 1
+2 1
+1 1
+1 1
+1 1
+1 1
+1 1
+1 1
+1 1
+1 1
+1 1
+1 1
+1 1
+1 1
+1 1
+1 1
+1 1
+2 1

fn=(46)
128 14
+6 14
+1 14
+1 8
+1 8
+5 5
+1 5
+1 5
+1 5
+5 5
280 6
+1 6
+1 1
+1 1
+1 1
+1 1
+1 1
+1 1
+1 1
+2 1
+22 5
+1 5
+1 5
+1 5
+1 5
+24 3
+1 3
+1 3
+1 3
+2 3
+1 3
+1 3
+1 3
+1 3
+1 3
+1 3
+1 3
+1 3
+1 3
+1 3
+1 3
+1 3
+1 3
+1 3
+1 3
+2 3

fl=(120) /build/glibc-vjB4T1/glibc-2.28/elf/dl-open.c
fn=(502) _dl_find_dso_for_object
174 5
+4 5
+1 4
+1 12
+1 2
-2 6
+5 2
+4 7

fl=(15)
fn=(34)
29 3
+3 10
+13 49
-13 147
+2 102
+1 14
+5 2
-3 2
+3 2
+2 2
+7 1

fl=(26)
fn=(80)
24 6
+1 6
+1 6
+1 6
+1 6
+1 6
+1 6
+1 6
+1 6
+1 6
+1 6
+1 6
+1 6
+1 6
+1 6
+1 6
+1 6
+1 4
+4 4
+1 4
+1 4
+1 4
+2 4
+4 2
+1 2
+1 2
+1 2
+1 2
+1 2
+1 2
+1 2
+1 2
+1 2
+1 2
+1 2
+1 2
+1 2
+1 2
+1 2
+1 2
+1 2
+1 2
+1 2
+1 2
+1 2
+1 2
+1 3
+5 1
+1 1
+3 1
+1 1
+1 1
+1 1
+1 1
+1 1
+1 1
+1 1
+1 1
+1 1
+1 1
+1 1
+1 1
+1 1
+1 1
+1 1
+1 1
+1 1
+2 1
+1 1
+2 1
+1 1
+1 1
+1 1
+1 1
+1 1
+1 1
+1 1
+2 1
+1 1
+1 1
+1 1
+1 1
+1 1
+1 1
+1 1
+1 1
+1 1
+3 1
+4 1
+1 1
+1 1
+1 1
+2 1
-9 1
+4 1
+1 1
+1 1
+1 1
+2 1

fl=(29)
fn=(302)
437 8
+1 2
+4 1
+6 1
-6 1
+6 2
+12 1
-15 1
-1 2
+21 6
+9 3
+1 2
+6 3
+1 1
+2 1
-2 1
+6 1
-4 2
+4 1
-4 2
+1 1
+2 2
+4 2
+1 4
+2 2
+1 1
+12 1
-12 1
+12 1
-3 1
+3 1
cfi=(19)
cfn=(70)
calls=1 115 
* 12
* 5
cfi=(41)
cfn=(136)
calls=1 109 
* 33
* 1
-42 4
+6 4
+50 2
+3 9

fn=(90)
113 2
+1 2

fn=(180)
135 5
+6 3
+3 2
+36 3
+2 2
-2 1
-2 1
-40 1
-1 1
-1 2
+69 2
+3 1
-3 1
+3 1
-3 4
+2 2
+10 1
-12 1
-25 6
+5 1
-1 1
+5 2
-5 1
+1 1
-1 1
+3 2
+2 3
+12 5
+19 1
+1 1
+51 1
+1 6

fn=(182)
332 4
+2 1
+11 1
+1 2
cfi=(18)
cfn=(44)
calls=1 50 
* 18
* 1
+1 3
+8 4
+1 1
+4 297
+19 1
+2 2
cfn=(184) allocate_dtv
calls=1 278 
* 47
+1 2
+3 5

fn=(184)
278 1
+8 1
-8 3
+7 2
+1 2
cfi=(18)
cfn=(40)
calls=1 92 
* 27
* 1
+1 2
+3 1
+6 3
+6 4

fn=(300)
887 4
+9 1
-3 1
+4 1
+4 5
+41 3
+1 1
+1 4

fn=(160)
51 4
+48 1
+4 1

fl=(37)
fn=(128)
33 3
+1 6
+1 18
+4 3

fl=(35)
fn=(122)
26 8
+1 2

fl=(43)
fn=(142)
27 7
+4 1

fl=(6)
fn=(198) check_match
75 801
+3 613
+13 696
+3 243
cfi=(20)
cfn=(54)
calls=23 +50 
* 1180
* 46
+4 87
+1 174
+2 172
+19 172
+1 688
+46 87
-84 87
+84 435
-18 2
+2 2
+1 1
-1 2
+1 3
-1 2
+16 12
-45 258
cfi=(20)
cfn=(54)
calls=86 +22 
* 4468
* 172
-44 8
+82 4

fn=(10)
940 12
+2 4
+2 8
+2 4
-1 4
+3 12
+1 4
+4 4
-3 4
+7 4
-7 4
+3 4
-1 4
+3 4
+2 4
-7 4
+7 4
+1 4

fn=(196) do_lookup_x
339 679
+1 97
-1 388
+6 97
-6 194
+7 97
+41 97
+35 194
-35 97
+35 97
-35 97
+35 194
-51 924
+8 308
-4 308
+1 308
+3 616
+1 924
+3 308
+1 616
+7 616
-3 616
-2 308
+5 924
+3 2156
271 221
541 1516
+1 68
cfi=(33)
cfn=(116)
calls=34 282 
* 2550
* 102
+3 663
350 616
+3 616
+4 1232
+4 616
+4 616
+88 174
fi=(54)
109 261
fe=(6)
504 174
+3 652
398 270
-1 180
+2 180
+2 90
+6 360
-6 90
+6 630
+7 273
-10 890
+2 178
+1 178
-1 89
+1 89
+1 89
-1 89
-1 89
+1 89
+1 89
-1 801
cfn=(198)
calls=89 75 
* 10415
+4 271
548 10
+1 80
-38 33
+12 174
+1 87
+25 87
-24 87
+24 609
445 6
302 15
-51 609

fn=(194)
791 970
556 97
791 388
556 291
-1 194
+2 97
-1 97
+1 291
-1 291
+1 1263
-1 1263
+1 3789
-1 3886
793 97
+4 97
-4 97
+1 194
+7 366
+5 485
+6 194
-7 1067
+15 40
-8 60
+2 1261
cfn=(196)
calls=97 339 
* 38563
+3 465
+25 194
+24 696
+40 348
+14 261
+3 261
+5 174
+2 893
-86 60
+17 10
+1 20
+59 2

fl=(41)
fn=(136)
109 45
+6 9
+1 9
+1 2
+1 2
+70 2
+1 2
+10 2
+1 2
+1 2
+1 2
+1 2
+1 2
+1 2
+1 2
+1 2
+1 2
+1 2
+1 2
+1 2
+1 2
+2 31
+1 31
+1 31
+1 31
+1 31
+1 31
+1 31
+1 2
+15 7
+1 7
+1 7
+1 6
+1 6
+1 2
+1 2
+24 1
+1 1
+2 1
+3 4
+1 4
+2 4
+3 2
+1 2
+2 2

fl=(22) /build/glibc-vjB4T1/glibc-2.28/posix/../sysdeps/unix/syscall-template.S
fn=(62) uname
78 4
+1 1

fl=(44)
fn=(144)
159 1
+1 3
-1 2
+1 1
-1 1
+1 1
-1 5
+1 1
-8 1
+7 1
+1 1
-1 1
+1 1
-8 2
-6 1
+6 1
+8 1
-15 1
-1 1
+2 1
+6 1
+24 3
-28 3
-2 1
+31 1
-33 2
+2 2
-2 1
+2 1
-1 1
+1 1
+6 4
+24 7
+4 1
+20 1
fi=(49) /build/glibc-vjB4T1/glibc-2.28/elf/../include/scratch_buffer.h
78 1
fe=(44)
180 1
fi=(49)
77 4
fe=(44)
198 1
+89 1
-89 1
303 1
200 1
303 1
-94 1
+4 1
-4 1
+4 2
-4 3
+4 3
-4 3
+4 6
+11 14
-18 2
+18 2
433 8
+2 6
+3 6
cfi=(18)
cfn=(44)
calls=2 50 
* 36
* 2
* 2
+1 4
+6 2
+1 10
cfi=(19)
cfn=(46)
calls=2 128 
* 20
+1 12
cfi=(19)
cfn=(46)
calls=2 128 
* 20
+4 2
-1 2
+5 25
226 2
+11 2
-5 2
-6 4
+5 2
+2 4
+1 4
+3 8
-31 2
+31 2
+66 6
-55 6
-2 2
+2 2
cfi=(31)
cfn=(108)
calls=2 -73 
* 6246
* 2
+1 4
+9 2
+2 4
+5 2
+6 2
+2 2
-8 4
+3 2
+1 2
+1 2
+1 2
+4 10
+4 4
+1 4
-43 200
+1 100
+6 8
cfi=(23)
cfn=(78)
calls=2 -13 
* 104
* 10
+38 144
fi=(49)
85 5
fe=(44)
464 6
+4 5
+11 4
cfi=(18)
cfn=(44)
calls=1 50 
* 18
* 1
* 1
+2 2
+5 2
+3 1
-3 4
+1 1
+2 2
+2 12
+4 16
+4 4
-10 12
+13 2
+51 3
+2 4
+35 6
cfi=(19)
cfn=(46)
calls=1 128 
* 10
+4 5
cfi=(51)
cfn=(168)
calls=1 28 
* 220
+3 1
+2 2
+1 1
+1 2
+7 3
+3 2
+3 8
458 9
-1 4
+1 9
199 2
465 2
214 25
fi=(49)
-83 2
fe=(44)
+86 2
fi=(49)
-86 4
cfi=(50) /build/glibc-vjB4T1/glibc-2.28/malloc/scratch_buffer_set_array_size.c
cfn=(166) __libc_scratch_buffer_set_array_size
calls=2 -97 
* 34
fe=(44)
+86 4
+4 4
554 2
380 6

fn=(146)
61 4
+7 2
-4 4
+1 2
-1 4
+1 2
-1 10
cfi=(23)
cfn=(114)
calls=2 2157 
* 6112
* 2
+5 4

fl=(82) /build/glibc-vjB4T1/glibc-2.28/elf/dl-init.c
fn=(314) call_init.part.0
36 4
+3 4
-3 8
+3 12
-11 24
+16 12
+5 4
+9 12
cob=(3)
cfi=(84) /build/glibc-vjB4T1/glibc-2.28/csu/../csu/init-first.c
cfn=(326) _init
calls=1 -6 
* 220
cob=(2)
cfi=(17)
cfn=(316)
calls=1 -58 
* 6
* 2
+4 4
+6 2
+2 4
-2 4
+3 10
+1 8
cob=(3)
cfi=(90) /build/glibc-vjB4T1/glibc-2.28/libio/vtables.c
cfn=(340) check_stdfiles_vtables
calls=1 +12 
* 11
cob=(4)
cfi=(83)
cfn=(320) 0x0000000000001100
calls=1 -72 
* 11
* 4
cob=(3)
cfi=(91) /build/glibc-vjB4T1/glibc-2.28/string/../sysdeps/x86/cacheinfo.c
cfn=(342) init_cacheinfo
calls=1 488 
* 1704
* 3
-1 6
+3 18
-29 3
-5 3

fn=(312) _dl_init
79 11
+1 1
+1 1
+3 3
+8 2
+25 1
+1 6
+1 12
-89 17
+88 6
cfn=(314)
calls=3 -82 
* 2033
* 6
+7 8
-95 3
cfn=(314)
calls=1 +6 
* 70
+57 2

fl=(38)
fn=(130)
44 22
-3 132
+6 22
+5 110
+2 77
-7 8

fl=(50)
fn=(166)
34 2
-4 2
+4 2
-4 2
+1 4
+4 2
-5 4
+5 2
+11 2
-1 4
+18 8

fl=(20)
fn=(54)
144 216
+1 216
+2 216
+1 216
+21 216
+1 216
+1 138
+1 138
+1 118
+1 118
+1 118
+1 118
+21 118
+1 118
+1 118
+1 118
+1 118
+1 118
+1 118
+5 8
+1 8
+9 8
+1 8
+1 8
+1 8
+1 8
+1 8
+1 8
+1 8
-7 98
+1 98
+1 98
+1 98
+1 98
+1 98
+1 98
+1 98
+1 42
+1 25
+1 25
+1 25
+2 25
+1 25
+1 25
+1 25
+1 25
+1 25
-5 17
+1 17
+1 17
+1 17
+1 17
+1 17
+10 64
+1 64
+1 64
+2 64
+6 64
+1 64
+1 64
+1 64
+1 64
+5 64
+2 63
+1 63
+1 126
+8 63
+1 63
+3 63
+1 63
+1 63
+1 63
+1 63
+1 63
571 11
+1 11
+1 11
+1 11
+1 11
+2 11
+1 11
+1 11
+1 11
+1 11
+1 11
+1 11
+1 11
+4 11
+1 11
+1 11
+6 11
+1 11
+1 22
+4 11
+1 11
+3 11
+1 11
+1 11
+3 11
+1 11
+1 11
+6 11
+1 11
+1 11
+1 11
+1 11
+1 11
821 1
+1 1
+1 1
+1 1
+1 1
+2 1
+1 1
+1 1
+1 1
+1 1
+1 1
+1 1
+1 1
+4 1
+1 1
+1 1
+6 1
+1 1
+1 2
+4 1
+1 1
+3 1
+1 1
+1 1
+3 1
+1 1
+1 1
+6 1
+1 1
+1 1
+1 1
+1 1
+1 1
1071 12
+1 12
+1 12
+1 12
+1 12
+2 12
+1 12
+1 12
+1 12
+1 12
+1 12
+1 12
+1 12
+4 12
+1 12
+1 12
+6 12
+1 12
+1 24
+4 12
+1 12
+3 12
+1 12
+1 12
+3 12
+1 12
+1 12
+6 12
+1 12
+1 12
+1 12
+1 12
+1 12
+72 2
+1 2
+1 2
+1 2
+1 2
+2 2
+1 2
+1 2
+1 2
+1 2
+1 2
+1 2
+1 1
+4 1
+1 1
+1 1
+6 1
+1 1
+1 2
+4 1
+1 1
+3 1
+1 1
+1 1
+3 1
+1 1
+1 1
+6 1
+1 1
+1 1
+1 1
+1 1
+1 1
+72 5
+1 5
+1 5
+1 5
+1 5
+2 5
+1 5
+1 5
+1 5
+1 5
+1 5
+1 5
+1 5
+4 5
+1 5
+1 5
+6 5
+1 5
+1 10
+4 5
+1 5
+3 5
+1 5
+1 5
+3 5
+1 5
+1 5
+6 5
+1 5
+1 5
+1 5
+1 5
+1 5
+72 3
+1 3
+1 3
+1 3
+1 3
+2 3
+1 3
+1 3
+1 3
+1 3
+1 3
+1 3
+1 2
+4 2
+1 2
+1 2
+6 2
+1 2
+1 4
+4 2
+1 2
+3 2
+1 2
+1 2
+3 2
+1 2
+1 2
+6 2
+1 2
+1 2
+1 2
+1 2
+1 2
+72 1
+1 1
+1 1
+1 1
+1 1
+2 1
+1 1
+1 1
+1 1
+1 1
+1 1
+1 1
+1 1
+4 1
+1 1
+1 1
+6 1
+1 1
+1 2
+4 1
+1 1
+3 1
+1 1
+1 1
+3 1
+1 1
+1 1
+6 1
+1 1
+1 1
+1 1
+1 1
+1 1
+72 1
+1 1
+1 1
+1 1
+1 1
+2 1
+1 1
+1 1
+1 1
+1 1
+1 1
+1 1
1821 3
+1 3
+1 3
+1 3
+1 3
+2 3
+1 3
+1 3
+1 3
+1 3
+1 3
+1 3
+1 1
+4 1
+1 1
+1 1
+6 1
+1 1
+1 2
+4 1
+1 1
+3 1
+1 1
+1 1
+3 1
+1 1
+1 1
+6 1
+1 1
+1 1
+1 1
+1 1
+1 1
+72 2
+1 2
+1 2
+1 2
+1 2
+2 2
+1 2
+1 2
+1 2
+1 2
+1 2
+1 2
+1 1
+4 1
+1 1
+1 1
+6 1
+1 1
+1 2
+4 1
+1 1
+3 1
+1 1
+1 1
+3 1
+1 1
+1 1
+6 1
+1 1
+1 1
+1 1
+1 1
+1 1
+72 1
+1 1
+1 1
+1 1
+1 1
+2 1
+1 1
+1 1
+1 1
+1 1
+1 1
+1 1
2200 98
+2 98
+1 98
+1 98
+1 98
-3 8
+1 8
+1 8
+1 8
+1 50
+5 25
+6 25
+1 25
+8 25
+1 25
-16 191
+6 191
+1 191
+8 191
+1 191

fl=(45)
fn=(150)
33 8
+1 16
+1 48
+4 1
-4 28

fl=(7)
fn=(12)
88 8
+25 1
-1 1
+1 163
+6 1
-3 1
+1 1
-4 1
+3 1
+3 8
-29 1
-1 2
+30 1
+1 1
-1 18
+1 108
-1 107
+62 1
+1 1
-1 1
+1 1
-29 1
+1 2
+11 1
+1 1
-1 1
+1 1
-7 1
+1 1
-1 1
+1 1
-4 1
+1 2
-25 1
+1 2
-4 1
+1 2
-7 1
+1 1
+2 1
+1 1
+97 1
cfi=(8)
cfn=(14) __GI___tunables_init
calls=1 +65 
* 20725
fi=(10)
36 2
cfi=(11)
cfn=(20)
calls=1 -5 
* 9
fi=(12) /build/glibc-vjB4T1/glibc-2.28/elf/../sysdeps/x86/cpu-features.c
229 1
-12 1
+12 1
-11 1
+11 1
+3 6
401 3
+1 1
+3 2
+1 1
+11 1
-5 1
+5 1
-3 1
+3 1
-4 1
+4 1
cfi=(8)
cfn=(26)
calls=1 -44 
* 21
+2 4
cfi=(8)
cfn=(26)
calls=1 -46 
* 22
* 1
+2 3
-2 1
+2 1
cfi=(8)
cfn=(26)
calls=1 -48 
* 22
* 1
+2 3
-2 1
+2 1
cfi=(8)
cfn=(26)
calls=1 -50 
* 22
* 1
+12 1
-1 1
-11 1
+12 1
fe=(7)
236 1
cfi=(13)
cfn=(28)
calls=1 79 
* 16
* 1
+2 2
cfi=(14)
cfn=(30)
calls=1 32 
* 17
* 3
+12 3
+3 5
cfi=(2)
cfn=(32)
calls=1 871 
* 98748
+1 1
+1 8
fi=(12)
439 3
+28 1
fe=(7)
235 1
fi=(12)
458 3
+2 4
+1 2
+2 4
+1 2
238 6
cfn=(24) get_common_indeces.constprop.1
calls=1 60 
* 85
49 2
+1 2
+1 6
243 6
348 4
236 1
348 3
245 1
+1 1
-1 2
+1 6
+46 2
+22 1
+10 5
+13 2
+1 1
fe=(7)

fn=(304)
260 1

fl=(52)
fn=(176) _dl_check_map_versions
156 28
+15 12
+2 4
+3 12
-3 8
+2 4
+1 4
-1 4
+3 8
+3 4
-16 2
-8 2
+28 2
-4 2
+4 8
+16 2
37 2
201 2
37 2
201 2
37 10
+1 5
-1 10
+2 21
cfi=(33)
cfn=(116)
calls=7 282 
* 612
* 14
209 6
+5 2
-71 4
+71 4
-71 6
+79 2
-2 2
-2 2
+4 2
-4 16
+4 1
-2 1
-2 1
+4 1
-4 13
57 2
+8 3
-8 4
+8 6
+6 9
+16 3
+1 6
+2 3
+5 21
+14 20
+12 21
+4 7
-30 14
225 12
+3 9
+5 1
-11 1
111 3
+3 12
cfi=(20)
cfn=(54)
calls=3 +30 
* 159
* 14
237 8
-27 2
+41 8
+3 8
+10 33
-7 132
+3 99
-3 8
+3 6
+8 6
+89 36
165 2
+86 2
-94 2
+94 3
+23 12
cfi=(18)
cfn=(40)
calls=3 92 
* 81
* 3
-1 3
+2 6
+13 3
+2 3
-5 3
+3 6
+2 6
+3 8
+4 6
+18 1
-15 3
+2 3
-2 6
+2 6
+2 3
+1 3
-1 6
+1 3
-1 3
+1 3
+1 3
-2 3
+2 6
+1 9
+3 9
+8 6
+10 9
+3 8
+20 33
-14 70
-2 33
+6 33
+1 33
+1 33
-1 99
+1 33
-1 33
+1 33
+1 33
+3 107

fn=(174)
362 5
+4 5
-2 2
+4 24
cfn=(176)
calls=4 156 
* 2340
-2 4
+2 16
-2 8
+5 7

fl=(30)
fn=(96)
30 1
+7 1
+1 1
+2 1
+1 1
+1 1
+1 1
+1 33
+3 2
+7 1
+1 1
+1 1
+1 1
+2 1
+1 1
+1 1
+1 1
+2 1
+1 1
+1 1
+9 3
+12 1
+2 1
+1 1
+1 1
-4 16
+2 16
+1 16
+1 16
+2 16
+1 16
+1 16
+2 16
+1 16
+1 16
+2 16
+1 16
+1 16
+6 1
+7 1
+4 1

fl=(27)
fn=(82)
40 12
+1 3
cfi=(13)
cfn=(28)
calls=3 +38 
* 110
* 3
+1 6
cfi=(18)
cfn=(44)
calls=3 +8 
* 54
* 3
+2 6
+4 3
-1 9
+1 6
-1 3
cfi=(19)
cfn=(46)
calls=3 +81 
* 46

fl=(18)
fn=(86)
111 12

fn=(40)
92 8
+4 8
+4 8
-1 16
+1 16
+3 8
cfn=(44)
calls=8 -53 
* 210
* 8

fn=(44)
50 87
+11 42
+3 21
-3 21
+3 42
-3 2
+3 1
-3 1
+3 86
-15 3
+20 4
+1 2
+2 2
+1 7
cfi=(38)
cfn=(130)
calls=1 -29 
* 35
+2 2
+2 3
+2 1
+3 1
-3 2
+4 1
+2 5
-2 21
+2 21
-3 21
+3 21
-29 1
-1 1
+1 1
+1 2
-2 2

fn=(74)
265 6
+2 2
+1 4
+4 47
+7 112
-2 56
+13 1
+4 2
-7 14
-15 44

fl=(48)
fn=(162)
78 20
+1 5

fn=(308)
78 4
+1 1

fl=(1) ???
fn=(0) 0x0000000000001090
0 2
cfi=(2)
cfn=(2)
calls=1 445 
0 121349
0 14
cfi=(82)
cfn=(312)
calls=1 79 
0 2182
0 3
cob=(5)
cfi=(93)
cfn=(352) _start
calls=1 0 
0 129834

fl=(24)
fn=(66)
42 4
+1 1
-1 6
+1 1
-1 1
+1 1
-1 1
+1 2
-1 1
+1 1
cfi=(8)
cfn=(26)
calls=1 373 
* 18
* 1
+2 1
+1 2
-1 1
+1 1
+9 1
-12 1
+12 5
+1 6
+1 2
-1 1
-1 12
+10 3
190 3
-5 1
+5 4
-4 10
fi=(25) /build/glibc-vjB4T1/glibc-2.28/elf/../sysdeps/x86/dl-hwcap.h
57 6
fe=(24)
188 1
+1 1
cfi=(13)
cfn=(28)
calls=1 79 
* 16
+1 3
-1 1
+1 1
-5 1
+5 4
-5 2
-37 2
+1 1
-1 6
+37 2
+8 3
+2 1
+1 2
+1 4
+3 1
+1 1
-1 1
+4 2
+3 4
+4 8
+1 2
+18 10
+1 2
-1 1
+1 2
cfi=(18)
cfn=(44)
calls=1 50 
* 18
* 1
+1 4
-1 1
+1 1
+31 12
+3 4
+7 2
+10 8
-4 2
-3 1
+6 1
-3 1
cfi=(19)
cfn=(70)
calls=1 115 
* 16
* 2
-3 1
+6 1
-3 1
cfi=(19)
cfn=(70)
calls=1 115 
* 16
* 4
+3 4
+1 12
+1 5
cfi=(19)
cfn=(70)
calls=1 115 
* 14
* 2
-2 2
+5 6
cfi=(19)
cfn=(70)
calls=2 115 
* 28
* 4
+2 6
-7 3
+13 1
-1 1
+1 2
-1 2
+1 7
-1 7
+1 14
-1 16
+5 7
+3 2
-3 8
+3 10
+1 48
+1 24
-1 24
+1 24
-1 24
-1 27
+4 6
+3 1
+2 2
-1 1
-1 1
+2 1
-2 1
+2 2
-1 1
+1 2
+3 2
+3 2
-6 2
+2 6
+3 1
+1 2
-6 5
+13 8
+1 1
-1 2
+3 2
-3 3
+1 3
-1 6
+3 6
+3 3
+3 9
185 5
+29 1
+1 3
+1 3
-1 2
+2 2
+4 1
+3 3

fl=(10)
fn=(60)
46 4
+2 3
+85 5
-45 3
cfi=(22)
cfn=(62)
calls=1 -10 
* 5
+15 1
-15 2
+20 1
-1 1
+3 12
+4 3
-2 6
+2 9
+2 1
+1 2
-3 4
+7 3
-1 3
+4 3
-2 3
+2 10
+5 2

fl=(42)
fn=(140)
26 12
+1 3

fl=(32)
fn=(110)
32 3
+9 3
+1 6
+1 3
+4 3
+1 3
+1 3
+1 3
+1 3
+2 6
+2 3
+1 3
+3 6
+2 3
+19 3
+1 3

fl=(12)
fn=(24)
60 2
+4 4
+3 3
+4 2
-4 1
+4 1
-4 1
+3 1
+1 1
+1 4
+1 4
+1 3
+1 2
+7 2
+1 7
+7 3
+4 2
+2 4
+47 2
+4 4
+1 2
+3 1
+7 1
-8 1
+4 1
+2 1
-2 1
+4 2
+3 2
+50 3
100 2
+3 2
+11 1
-11 1
+11 2
+3 1
-3 1
+3 1
+7 3
-5 3

fl=(8)
fn=(14)
289 8
-9 4
68 158
+6 51
-3 51
+3 4490
+4 102
+5 102
297 102
fi=(9) /build/glibc-vjB4T1/glibc-2.28/elf/dl-tunables.h
120 153
+1 113
-1 11
+1 22
-1 8
+1 32
-1 40
fe=(8)
330 204
-12 6120
fi=(9)
120 1836
+1 1961
-1 100
fe=(8)
312 4947
68 102
364 8

fn=(26)
373 190
+4 52
+22 85
+2 17
-9 2
+1 1
-11 6
+1 3

ob=(3)
fl=(127) /build/glibc-vjB4T1/glibc-2.28/stdlib/mul.c
fn=(536) __mpn_mul
48 32
+6 4
+12 4
+76 22
-71 2
+1 4
+9 4
cfi=(128) /build/glibc-vjB4T1/glibc-2.28/stdlib/../sysdeps/x86_64/mul_1.S
cfn=(538) __mpn_mul_1
calls=2 -49 
* 64
+2 6
+1 2
+4 4

fl=(142) /build/glibc-vjB4T1/glibc-2.28/posix/../sysdeps/unix/sysv/linux/_exit.c
fn=(646) _Exit
27 1
+4 1
+2 3

fl=(104) /build/glibc-vjB4T1/glibc-2.28/misc/sbrk.c
fn=(406) sbrk
32 224
+8 224
-8 672
+8 1341
+4 448
+4 678
+12 555
-19 2
cfi=(105) /build/glibc-vjB4T1/glibc-2.28/misc/../sysdeps/unix/sysv/linux/x86_64/brk.c
cfn=(408) brk
calls=1 -10 
* 10
* 4
+15 226
cfi=(105)
cfn=(408)
calls=113 -25 
* 1130
* 226
+4 565

fl=(71)
fn=(246)
30 5
fi=(144) /build/glibc-vjB4T1/glibc-2.28/string/../sysdeps/x86_64/multiarch/strcspn.c
-1 1
fe=(71)

fn=(278)
30 5
fi=(145) /build/glibc-vjB4T1/glibc-2.28/string/../sysdeps/x86_64/multiarch/strspn.c
-1 1
fe=(71)

fn=(262)
30 5
fi=(146) /build/glibc-vjB4T1/glibc-2.28/string/../sysdeps/x86_64/multiarch/strpbrk.c
-1 1
fe=(71)

fl=(88) /build/glibc-vjB4T1/glibc-2.28/string/../sysdeps/x86_64/multiarch/strrchr-avx2.S
fn=(336) __strrchr_avx2
43 1
+1 1
+2 1
+1 1
+3 1
+1 1
+1 1
+2 1
+1 1
+1 1
+1 1
+1 1
+1 1
+2 1
+1 1
+12 1
+1 1
+3 1
+1 1
+1 1
+1 1
+35 1
+1 1
+1 1
+1 1
+1 1
+1 1
+1 1
+1 1
+32 1
+1 1
+19 1
+1 1
+1 1
+15 1
+1 1
+1 1
+1 1
+1 1
+2 1
+1 1
+1 1
+1 1
+1 1

fl=(56)
fn=(284)
33 4
fi=(79) /build/glibc-vjB4T1/glibc-2.28/string/../sysdeps/x86_64/multiarch/stpcpy.c
* 1
fe=(56)

fn=(280)
33 4
fi=(78) /build/glibc-vjB4T1/glibc-2.28/string/../sysdeps/x86_64/multiarch/stpncpy.c
-2 1
fe=(56)

fn=(252)
33 4
fi=(73) /build/glibc-vjB4T1/glibc-2.28/string/../sysdeps/x86_64/multiarch/strcpy.c
-4 1
fe=(56)

fn=(204)
33 4
fi=(57) /build/glibc-vjB4T1/glibc-2.28/string/../sysdeps/x86_64/multiarch/strncpy.c
-4 1
fe=(56)

fn=(212)
33 4
fi=(60) /build/glibc-vjB4T1/glibc-2.28/string/../sysdeps/x86_64/multiarch/strcat.c
-4 1
fe=(56)

fl=(69)
fn=(238)
41 1
-2 1
+2 3
-2 2
+14 1

fl=(58)
fn=(208)
32 5
fi=(59) /build/glibc-vjB4T1/glibc-2.28/string/../sysdeps/x86_64/multiarch/strcasecmp.c
-1 1
fe=(58)

fn=(248)
32 5
fi=(72) /build/glibc-vjB4T1/glibc-2.28/string/../sysdeps/x86_64/multiarch/strncase.c
-1 1
fe=(58)

fn=(270)
32 5
fi=(77) /build/glibc-vjB4T1/glibc-2.28/string/../sysdeps/x86_64/multiarch/strcasecmp_l.c
-1 1
fe=(58)

fn=(290)
32 5
fi=(80) /build/glibc-vjB4T1/glibc-2.28/string/../sysdeps/x86_64/multiarch/strncase_l.c
-1 1
fe=(58)

fl=(121) /build/glibc-vjB4T1/glibc-2.28/malloc/morecore.c
fn=(516) __default_morecore
46 2
+1 2
cfi=(104)
cfn=(406)
calls=2 -15 
* 76
+2 6
+3 4

fl=(136) /build/glibc-vjB4T1/glibc-2.28/io/../sysdeps/unix/sysv/linux/write.c
fn=(570) write
26 16
+1 2

fl=(62)
fn=(218)
43 3
fi=(63) /build/glibc-vjB4T1/glibc-2.28/time/../sysdeps/generic/dl-hash.h
+2 1
fe=(62)
-2 1
fi=(63)
+1 1
fe=(62)
-1 3
fi=(63)
+5 3
+14 4
-17 2
+3 9
+14 12
-17 15
+22 1
fe=(62)
-24 6
cfi=(64) /build/glibc-vjB4T1/glibc-2.28/elf/../sysdeps/unix/sysv/linux/dl-vdso.c
cfn=(222) _dl_vdso_vsym
calls=1 -18 
* 15
* 5

fl=(135) /build/glibc-vjB4T1/glibc-2.28/string/../sysdeps/x86_64/multiarch/memmove-vec-unaligned-erms.S
fn=(558) __mempcpy_avx_unaligned_erms
213 5
+1 5
+1 5
+17 5
+1 5
+44 5
+1 5
+2 5
+1 5
+1 4
+1 4
+1 4
+1 4
+1 4
+1 4
+1 4
+2 4
+22 1
+1 1
+1 1
+1 1
+1 1

fl=(128)
fn=(538)
32 10
+3 10
+1 10
+1 10
+1 10
+1 10
+2 10
+1 10
+2 10
+1 10
+1 10
+1 10
+1 8
+2 8
+1 8
+1 8
+1 8
+26 2
+1 2
+1 2
+1 2
+1 2
+1 2
+1 2
+1 2
+1 2
+26 2
+1 2
+1 2
+2 2
+1 2
+1 2
+1 2
+1 2
+1 2
+2 2
+3 2
-5 8
+2 8
+3 8

fl=(87) /build/glibc-vjB4T1/glibc-2.28/misc/init-misc.c
fn=(332) __init_misc
31 2
-1 3
+1 4
+2 3
cfi=(88)
cfn=(336)
calls=1 +10 
* 44
* 1
+4 5
+1 3
+2 4

fl=(76)
fn=(264)
40 2
-2 1
+2 2
-2 2
+11 1

fl=(65)
fn=(242)
32 2
-2 2
+2 4
-2 6
fi=(147) /build/glibc-vjB4T1/glibc-2.28/wcsmbs/../sysdeps/x86_64/multiarch/wcschr.c
+1 2
fe=(65)

fn=(228)
32 1
-2 1
+2 2
-2 4

fn=(226)
32 2
-2 2
+2 4
-2 6
fi=(148) /build/glibc-vjB4T1/glibc-2.28/wcsmbs/../sysdeps/x86_64/multiarch/wmemchr.c
+1 2
fe=(65)

fn=(276)
32 1
-2 1
+2 2
-2 3
fi=(149) /build/glibc-vjB4T1/glibc-2.28/wcsmbs/../sysdeps/x86_64/multiarch/wcslen.c
-1 1
fe=(65)

fl=(74)
fn=(258)
40 1
-2 1
+2 2
-2 2
+11 1

fl=(115) /build/glibc-vjB4T1/glibc-2.28/io/../sysdeps/unix/sysv/linux/wordsize-64/fxstat.c
fn=(482) _fxstat
33 1
+1 2
+1 6
+4 1

fl=(138) /build/glibc-vjB4T1/glibc-2.28/stdlib/cxa_thread_atexit_impl.c
fn=(588) __call_tls_dtors
145 3
+1 4
+18 4

fl=(89) /build/glibc-vjB4T1/glibc-2.28/ctype/ctype-info.c
fn=(338) __ctype_init
31 7
+2 4
+2 4
+1 1

fl=(64)
fn=(222)
25 20
+1 8
+4 8
+18 24

fl=(107) /build/glibc-vjB4T1/glibc-2.28/rt/../sysdeps/unix/clock_gettime.c
fn=(456) clock_gettime
93 24
+22 20
cfi=(108) /build/glibc-vjB4T1/glibc-2.28/misc/../sysdeps/unix/syscall-template.S
cfn=(458) __syscall_clock_gettime
calls=4 -56 
* 12
* 8
+19 16

fl=(96) /build/glibc-vjB4T1/glibc-2.28/setjmp/../sysdeps/x86_64/bsd-_setjmp.S
fn=(374) _setjmp
30 1
+2 1
cfi=(97) /build/glibc-vjB4T1/glibc-2.28/setjmp/../sysdeps/x86_64/setjmp.S
cfn=(376) __sigsetjmp
calls=1 * 
* 26

fl=(110) /build/glibc-vjB4T1/glibc-2.28/stdio-common/vfprintf.c
fn=(466) vfprintf
1239 28
+31 6
+8 7
+4 10
+11 6
+11 4
fi=(150) /build/glibc-vjB4T1/glibc-2.28/stdio-common/printf-parse.h
108 4
fe=(110)
1304 4
fi=(150)
108 2
cfi=(111) /build/glibc-vjB4T1/glibc-2.28/string/../sysdeps/x86_64/multiarch/strchr-avx2.S
cfn=(470) __strchrnul_avx2
calls=2 -63 
* 36
* 2
fe=(110)
1319 4
fi=(150)
108 2
fe=(110)
1315 2
+4 2
+4 2
fi=(151) /build/glibc-vjB4T1/glibc-2.28/stdio-common/../libio/libioP.h
832 6
+2 4
-2 2
+2 2
-2 2
+3 4
fe=(110)
1323 12
cfi=(112) /build/glibc-vjB4T1/glibc-2.28/libio/fileops.c
cfn=(472) _IO_file_xsputn@@GLIBC_2.2.5
calls=2 1205 
* 71393
* 8
+4 6
+4 14
-57 2
+57 2
-23 2
-8 2
+73 16
-13 2
-3 2
+16 4
-14 2
-1 2
+15 2
-3 2
-5 2
1632 2
1373 4
-12 2
1610 2
1356 4
+6 2
-7 2
-1 4
+16 2
-17 2
-1 2
+17 2
-3 2
+4 6
-92 2
1691 10
+1 6
+3 24
1319 14
+1 28
1691 12
-36 2
+2 4
+8 2
fi=(150)
108 2
fe=(110)
1665 2
fi=(150)
108 2
fe=(110)
1665 2
fi=(150)
108 2
cfi=(111)
cfn=(470)
calls=2 -63 
* 44
* 2
fe=(110)
1665 2
+4 6
fi=(151)
834 4
+1 4
fe=(110)
1669 10
cfi=(112)
cfn=(472)
calls=2 1205 
* 464
* 22
+2 6
-34 94
cfi=(123) /build/glibc-vjB4T1/glibc-2.28/stdio-common/printf_fp.c
cfn=(526) __printf_fp
calls=2 1267 
* 3296
* 24

fl=(137) /build/glibc-vjB4T1/glibc-2.28/stdlib/exit.c
fn=(586) __run_exit_handlers
40 10
+5 3
+11 14
+3 2
+2 5
+51 6
+2 2
-44 6
+2 1
+1 1
-1 1
+4 4
+1 8
+29 1
-3 1
+5 1
-2 2
+2 2
cob=(1)
cfi=(139)
cfn=(590)
calls=1 -78 
* 696
+1 1
+11 2
+1 2
+5 4
-73 1
+12 1
+1 4
+63 2
+1 10
cfi=(113) /build/glibc-vjB4T1/glibc-2.28/libio/genops.c
cfn=(632) _IO_cleanup
calls=1 855 
* 343
* 3
+2 2
cfi=(142)
cfn=(646)
calls=1 27 
* 5
-86 1
cfi=(138)
cfn=(588)
calls=1 +99 
* 11
* 1

fn=(584) exit
138 1
+1 4
cfn=(586)
calls=1 -99 
* 1159

fl=(84)
fn=(326)
52 8
+3 3
+12 1
fi=(86) /build/glibc-vjB4T1/glibc-2.28/csu/../sysdeps/unix/sysv/linux/x86_64/init-first.c
-31 1
fe=(84)
+33 1
fi=(85) /build/glibc-vjB4T1/glibc-2.28/csu/../sysdeps/generic/dl-hash.h
-24 1
fe=(84)
+23 1
fi=(85)
-24 1
fe=(84)
+25 1
fi=(86)
-33 4
fi=(85)
+7 1
+5 3
+14 4
-17 2
+3 9
+14 12
-17 15
fe=(84)
+17 1
-7 1
+7 4
fi=(85)
+5 1
fi=(86)
-31 2
+2 2
-2 1
+2 2
cfi=(64)
cfn=(222)
calls=1 -13 
* 15
+2 1
+4 2
-4 2
+1 2
+1 1
+2 1
cfi=(64)
cfn=(222)
calls=1 -19 
* 15
fe=(84)
+37 3
fi=(86)
-36 2
+1 1
fe=(84)
+35 1
cfi=(87)
cfn=(332)
calls=1 -50 
* 69
+3 1
cfi=(89)
cfn=(338)
calls=1 -53 
* 16
+5 6

fl=(105)
fn=(408)
31 708
+2 236
+6 118
+1 118

fl=(94) /build/glibc-vjB4T1/glibc-2.28/csu/../csu/libc-start.c
fn=(354) (below main)
137 9
+4 1
-4 2
+4 3
+96 2
+1 4
cfi=(95) /build/glibc-vjB4T1/glibc-2.28/stdlib/cxa_atexit.c
cfn=(356) __cxa_atexit
calls=1 66 
* 68
+22 4
+3 2
+1 5
cob=(5)
cfi=(93)
cfn=(362) __libc_csu_init
calls=1 0 
* 50
+4 4
+15 2
+12 2
cfi=(96)
cfn=(374)
calls=1 30 
* 28
+1 2
+5 2
+1 2
+3 2
+3 6
cob=(5)
cfi=(99) /home/panda/git/block-memory-allocator/src/main.c
cfn=(380) main
calls=1 7 
* 128457
+34 2
cfi=(137)
cfn=(584)
calls=1 138 
* 1164

fl=(68)
fn=(236)
41 1
-2 1
+2 3
-2 2
+15 1

fl=(116)
fn=(580) free
3078 198
+5 198
+1 198
+6 198
+5 99
-2 99
+2 198
+18 297
+2 297
+2 99
-1 99
+1 99
-1 99
cfn=(582) _int_free
calls=99 4147 
* 6138

fn=(510) tcache_init.part.6
2978 1
-9 1
+9 9
+1 3
cfn=(512) _int_malloc
calls=1 3513 
* 393
* 1
+1 2
+8 4
+7 2
+2 1
+1 2
-1 1
+1 78
+3 2

fn=(514) sysmalloc
2258 8
+20 2
+11 2
+1 4
fi=(118) /build/glibc-vjB4T1/glibc-2.28/malloc/arena.c
535 1
fe=(116)
2305 2
fi=(118)
535 1
fe=(116)
2305 2
+66 1
+1 3
+1 1
+9 4
+6 4
+3 3
2708 2
+1 1
+5 2
+3 2
+2 2
+1 1
-1 1
+2 3
+1 1
+1 1
+2 1
-3 2
+1 1
+2 1
+6 9
2444 5
+19 1
-11 2
+11 1
+8 2
+2 5
cfi=(121)
cfn=(516)
calls=1 46 
* 45
+4 3
-4 1
+4 1
+3 4
+1 2
+46 2
+2 3
+6 2
+3 4
+34 2
+6 3
+10 2
+1 3
+11 2
+1 5
+2 1
+1 2
cfi=(121)
cfn=(516)
calls=1 46 
* 45
+12 2
+8 2
+1 5
+39 1
-1 1
+1 3
+1 1
+11 2
2528 2

fn=(504) malloc_init_state
1798 4
+3 3
-3 2
+3 378
-3 252
+7 3
+5 1
+2 1
+1 1
-4 2

fn=(512)
3513 27
+32 27
-32 162
+32 320
+4 54
1640 54
3573 54
+5 21
+2 14
+24 1
-59 2
+86 40
+62 30
+1 3
+20 27
-1 27
-1 27
+1 54
+1 27
-1 27
+1 54
-2 52
+6 130
+37 26
+42 26
+87 26
3755 78
3884 26
-87 52
+87 26
3723 26
+1 78
-6 5
+37 1
+42 1
+87 1
3755 3
3884 1
-87 2
+87 1
3723 1
+1 3
-90 78
+2 26
-2 26
+2 52
4139 243
3695 182
-62 650
3909 54
+2 4
+3 1
-3 1
+3 2
+68 54
+1 27
+1 27
-1 27
+3 27
-2 27
+2 27
-1 54
+1 27
+5 54
+7 312
-3 315
4095 27
+1 54
+2 54
+3 81
+17 3
3898 54
1871 26
4111 26
1871 52
4106 26
-3 26
+1 26
+2 26
-1 26
+1 26
+2 26
-2 130
+2 52
+25 3
cfn=(514)
calls=1 2258 
* 235
* 1
+1 2
1871 3

fn=(582)
4147 990
+10 297
+6 495
+1 198
+4 396
+8 495
-1 297
+1 198
+3 99
+6 198
+13 396
4420 1089
2915 198
+4 99
+4 99
-4 99
+2 198
+1 99
+1 99
4201 99

fn=(486)
3020 500
+5 200
+1 200
+5 697
+3 99
-2 297
+2 99
-2 99
+2 198
+3 198
+10 100
+2 75
cfn=(512)
calls=25 3513 
* 4345
* 25
+1 175
-19 388
+8 99
+1 297
2932 148
+2 148
+1 74
+1 74
3073 693
-46 1
+46 5
-46 1
cfi=(117) /build/glibc-vjB4T1/glibc-2.28/malloc/hooks.c
cfn=(488) malloc_hook_ini
calls=1 30 
* 70242

fn=(487) malloc'2
3020 5
+5 2
+1 2
+5 7
+3 1
-2 3
+2 1
-2 1
+2 2
+13 4
+2 3
cfn=(512)
calls=1 3513 
* 161
* 1
+1 7
-19 4
-56 4
cfn=(510)
calls=1 +3 
* 500
+62 2
+2 5
+1 3
+33 7

fl=(118)
fn=(492) ptmalloc_init.part.0
289 5
+13 1
-8 1
+8 1
+6 2
+5 1
-5 1
+2 1
cfi=(116)
cfn=(504)
calls=1 1798 
* 647
+3 4
cob=(1)
cfi=(102)
cfn=(401)
calls=1 72 
* 1103
* 5
+1 4
cob=(1)
cfi=(8)
cfn=(26)
calls=1 +59 
* 22
* 1
+1 4
cob=(1)
cfi=(8)
cfn=(26)
calls=1 +58 
* 19
* 1
+1 4
cob=(1)
cfi=(8)
cfn=(26)
calls=1 +57 
* 22
* 1
+1 4
cob=(1)
cfi=(8)
cfn=(26)
calls=1 +56 
* 22
* 1
+1 4
cob=(1)
cfi=(8)
cfn=(26)
calls=1 +55 
* 19
* 1
+1 4
cob=(1)
cfi=(8)
cfn=(26)
calls=1 +54 
* 22
* 1
+1 4
cob=(1)
cfi=(8)
cfn=(26)
calls=1 +53 
* 22
* 1
+2 4
cob=(1)
cfi=(8)
cfn=(26)
calls=1 +51 
* 22
* 1
+1 4
cob=(1)
cfi=(8)
cfn=(26)
calls=1 +50 
* 22
* 1
+1 4
cob=(1)
cfi=(8)
cfn=(26)
calls=1 +49 
* 22
* 1
+71 2
+1 2
+3 1
+1 6
-97 5
cfi=(119) /build/glibc-vjB4T1/glibc-2.28/elf/dl-addr.c
cfn=(494) _dl_addr
calls=1 127 
* 67448
* 2
+1 4

fl=(125) /build/glibc-vjB4T1/glibc-2.28/stdlib/../sysdeps/ieee754/dbl-64/dbl2mpn.c
fn=(532) __mpn_extract_double
37 2
-2 2
+2 4
+1 2
+9 2
-9 2
+9 2
+9 2
-18 6
+9 2
+9 4
+47 2
+4 2
-4 2
+4 2

fl=(90)
fn=(340)
84 4
+1 3
+1 3
+2 1

fl=(112)
fn=(520) _IO_do_write@@GLIBC_2.2.5
433 7
+1 1
-3 4
+2 2
cfn=(564) new_do_write
calls=2 +6 
* 196
* 2
+1 2
-1 6
+1 2

fn=(568) _IO_file_write@@GLIBC_2.2.5
1181 12
+2 12
+5 2
cfi=(136)
cfn=(570)
calls=2 26 
* 18
+1 4
+5 2
+1 2
-12 4
+2 2
+2 4
+1 4
+10 6
+3 18

fn=(474) _IO_file_overflow@@GLIBC_2.2.5
740 99
-1 165
+8 195
+35 64
+3 60
+3 90
+1 90
+1 120
+4 30
+1 120
-45 2
+12 2
+9 4
+4 1
+4 1
-3 2
+2 2
-5 1
+1 1
+4 1
+1 4
+1 1
+2 2
+2 3
-1 3
+12 9
-11 3
-1 3
cfn=(520)
calls=3 433 
* 222
-31 2
cfi=(113)
cfn=(476) _IO_doallocbuf
calls=1 344 
* 70379
+1 6

fn=(472)
1205 16
+7 4
-7 12
+6 20
+7 20
+17 3
+6 3
+2 3
+2 9
-2 3
cfi=(135)
cfn=(558)
calls=3 213 
* 48
* 3
+1 3
+1 3
-2 3
+4 8
+28 36
-55 6
+1 6
+3 9
+2 50
-2 30
+11 1
+16 1
fi=(122) /build/glibc-vjB4T1/glibc-2.28/libio/libioP.h
832 3
+2 2
+1 2
fe=(112)
1251 2
fi=(122)
832 6
+2 4
+1 4
fe=(112)
1251 9
cfn=(474)
calls=3 740 
* 70697
* 6
+6 6
+1 21
+2 6
+11 9
+1 4
cfi=(113)
cfn=(522) _IO_default_xsputn
calls=1 371 
* 761
* 3
-44 2
+11 10

fn=(564)
439 32
+2 4
fi=(122)
835 4
fe=(112)
456 8
cfn=(568)
calls=2 1181 
* 90
+1 2
-1 2
+1 4
+2 2
+4 2
-4 6
+1 4
+3 4
-2 2
+4 18
-17 8
+14 4

fn=(644) _IO_file_sync@@GLIBC_2.2.5
800 4
+5 4
+2 1
+1 2
+11 2
+4 4

fn=(480) _IO_file_stat
1154 1
+1 3
cfi=(115)
cfn=(482)
calls=1 33 
* 10

fn=(640) _IO_file_setbuf@@GLIBC_2.2.5
389 2
+1 1
cfi=(113)
cfn=(642) _IO_default_setbuf
calls=1 +62 
* 68
* 2
+4 2
-1 2
+2 3
+2 1
+1 2

fl=(66)
fn=(232)
33 5
-1 2
+2 2
+1 3
fi=(67) /build/glibc-vjB4T1/glibc-2.28/string/../sysdeps/x86_64/multiarch/memcmp.c
-6 1
fe=(66)

fl=(140)
fn=(600)
30 2
+3 4
-3 14
+3 10
+3 6
+4 14
-4 6
+58 8
+4 14
-4 6
+12 4
+1 4
cfi=(141) /build/glibc-vjB4T1/glibc-2.28/nptl/register-atfork.c
cfn=(602) __unregister_atfork
calls=2 -28 
* 30
+2 8
+1 16

fl=(98) /build/glibc-vjB4T1/glibc-2.28/setjmp/sigjmp.c
fn=(378) __sigjmp_save
28 2
+1 3
+5 3

fl=(119)
fn=(494)
127 8
+2 1
-2 2
+5 1
-5 1
+5 2
cob=(1)
cfi=(2)
cfn=(50)
calls=1 785 
* 2
+2 2
cob=(1)
cfi=(102)
cfn=(401)
calls=1 -62 
* 1193
* 5
+2 3
30 1
+1 1
-1 1
+1 1
+3 2
+5 1
+6 1
-7 1
+2 3
+2 3
+3 2
+4 5
-5 1015
+5 3032
+2 1010
+1 2020
-1 1
+1 2
+2 3680
+9 9264
+1 14725
+7 2345
-2 2345
+2 6115
-11 11725
+2 7006
+39 2
+1 1
+1 3
+3 2
+36 2
cob=(1)
cfi=(2)
cfn=(52)
calls=1 791 
* 2
+3 9
-81 1896
+54 1
+21 1
-20 2

fl=(55)
fn=(202)
45 2
-1 2
+1 2
-1 4
+5 4
-1 4
+12 4
+2 10

fn=(256)
45 1
-1 1
+1 1
-1 2
+5 2
-1 2
+12 2
+2 5

fn=(230)
45 1
-1 1
+1 1
-1 2
+5 2
-1 2
+12 2
+2 5

fl=(113)
fn=(634) _IO_flush_all_lockp
686 11
+5 4
+1 11
+3 1
-8 1
+5 2
+3 2
fi=(122)
832 2
fe=(113)
699 1
fi=(122)
832 2
fe=(113)
709 6
+2 3
-16 9
+2 3
+1 6
+3 23
+14 8
+1 3
+4 12
-29 4

fn=(632)
855 1
+3 1
-3 9
+3 1
cfn=(634)
calls=1 686 
* 114
-72 1
+72 1
-72 2
+1 11
+3 1
-3 2
+3 2
fi=(122)
+42 2
fe=(113)
-32 1
fi=(122)
+32 2
fe=(113)
-2 3
-40 9
+2 9
+2 6
+6 12
+8 5
+9 1
fi=(122)
+17 2
+1 2
fe=(113)
-18 4
cfi=(112)
cfn=(640)
calls=1 389 
* 83
+2 3
+4 5
+1 10
+10 8
+1 2
+35 12
-60 2
+2 1
+1 1
-1 1
+2 3
-28 4
+14 4

fn=(642)
452 1
fi=(122)
832 1
fe=(113)
452 4
fi=(122)
832 1
fe=(113)
452 1
fi=(122)
832 1
fe=(113)
452 2
+1 1
fi=(122)
834 2
+1 2
fe=(113)
453 2
cfi=(112)
cfn=(644)
calls=1 800 
* 17
* 2
+2 2
+7 1
-7 2
+10 1
+2 1
-2 2
+1 3
+2 6
-11 1
+1 2
-1 1
330 4
+7 1
-5 1
+1 1
+4 2

fn=(518) _IO_setb
329 3
+1 4
+3 1
+2 4
-3 1
+3 2
+3 3

fn=(522)
371 9
+3 2
fi=(122)
832 7
fe=(113)
399 44
fi=(122)
834 28
+1 28
fe=(113)
399 56
cfi=(112)
cfn=(474)
calls=14 740 
* 462
* 28
+2 14
-2 14
-20 60
+10 1
+15 8

fn=(476)
344 2
-1 3
+3 4
+1 1
fi=(122)
832 3
+2 2
+1 2
fe=(113)
347 2
cfi=(114) /build/glibc-vjB4T1/glibc-2.28/libio/filedoalloc.c
cfn=(478) _IO_file_doallocate
calls=1 78 
* 70354
* 2
+3 4

fn=(562) __overflow
199 32
+2 48
+2 16
fi=(122)
832 48
+2 32
+1 32
fe=(113)
203 16
+1 32
-1 16
cfi=(112)
cfn=(474)
calls=16 740 
* 528

fl=(117)
fn=(488)
30 1
-1 2
+1 1
fi=(118)
291 4
cfn=(492)
calls=1 -2 
* 69506
fe=(117)
32 1
+1 1
-1 1
cfi=(116)
cfn=(487)
calls=1 3020 
* 725

fl=(95)
fn=(360) __new_exitfn
84 2
-6 4
+11 4
-10 2
+12 3
-2 1
+10 2
-10 2
+45 1
+1 1
+4 4
-19 1
+1 2

fn=(356)
66 2
cfn=(358) __internal_atexit
calls=1 -30 
* 66

fn=(358)
36 1
+3 1
-3 4
+3 1
-3 4
+3 5
+1 2
cfn=(360)
calls=1 +44 
* 29
+2 2
+7 2
+3 1
-1 1
+2 1
+1 1
+1 4
+1 1
+1 6

fl=(129) /build/glibc-vjB4T1/glibc-2.28/stdlib/../sysdeps/x86_64/rshift.S
fn=(540) __mpn_rshift
29 2
+1 2
+1 2
+13 2
+1 2
+16 2
+1 2
+1 2
+1 2
+1 2
+1 2
+1 2
+5 2
+1 2
+1 2
+1 2
+1 2

fl=(126) /build/glibc-vjB4T1/glibc-2.28/stdlib/../sysdeps/x86_64/lshift.S
fn=(534) __mpn_lshift
29 2
+1 2
+2 2
+1 2
+1 2
+12 2
+1 2
+1 2
+1 2
+1 2
+1 2
+1 2
+6 2
+1 2
+1 2

fl=(109) /build/glibc-vjB4T1/glibc-2.28/stdio-common/printf.c
fn=(464) printf
28 38
+4 2
+1 4
-1 6
+1 2
-1 2
+1 2
-1 2
+1 2
cfi=(110)
cfn=(466)
calls=2 1239 
* 75746
+4 10

fl=(111)
fn=(470)
45 4
+2 4
+1 4
+1 4
+2 4
+1 4
+1 4
+4 2
+1 2
+1 2
+1 2
+1 2
+1 2
+1 2
+11 2
+1 2
+1 2
+1 2
+1 2
+1 2
+1 2
+2 2
+1 2
+1 2
+2 2
+1 2
+2 2
+7 2
+1 2
+87 2
+2 2
+7 2
+1 2

fl=(61)
fn=(244)
32 2
-2 2
+2 4
-2 6
fi=(152) /build/glibc-vjB4T1/glibc-2.28/string/../sysdeps/x86_64/multiarch/strnlen.c
+1 2
fe=(61)

fn=(268)
32 1
-2 1
+2 2
-2 3
fi=(153) /build/glibc-vjB4T1/glibc-2.28/string/../sysdeps/x86_64/multiarch/memrchr.c
-1 1
fe=(61)

fn=(216)
32 1
-2 1
+2 2
-2 3
fi=(154) /build/glibc-vjB4T1/glibc-2.28/string/../sysdeps/x86_64/multiarch/strrchr.c
-2 1
fe=(61)

fn=(274)
32 1
-2 1
+2 2
-2 3
fi=(155) /build/glibc-vjB4T1/glibc-2.28/string/../sysdeps/x86_64/multiarch/memchr.c
-1 1
fe=(61)

fn=(266)
32 1
-2 1
+2 2
-2 3
fi=(156) /build/glibc-vjB4T1/glibc-2.28/string/../sysdeps/x86_64/multiarch/strlen.c
-1 1
fe=(61)

fn=(288)
32 1
-2 1
+2 2
-2 3
fi=(157) /build/glibc-vjB4T1/glibc-2.28/string/../sysdeps/x86_64/multiarch/strchrnul.c
+1 1
fe=(61)

fn=(224)
32 1
-2 1
+2 2
-2 3
fi=(158) /build/glibc-vjB4T1/glibc-2.28/string/../sysdeps/x86_64/multiarch/rawmemchr.c
+1 1
fe=(61)

fl=(130) /build/glibc-vjB4T1/glibc-2.28/nptl/alloca_cutoff.c
fn=(542) __libc_alloca_cutoff
28 18
+7 2

fl=(81)
fn=(294)
42 3
fi=(63)
+3 1
fe=(81)
-3 1
fi=(63)
+2 1
fe=(81)
-2 2
fi=(63)
+1 1
+5 3
+14 4
-17 2
+3 9
+14 12
-17 15
+22 1
fe=(81)
-25 6
cfi=(64)
cfn=(222)
calls=1 -17 
* 15
* 5

fl=(70)
fn=(240)
42 5
+4 2
-1 2
+12 4
+2 5

fl=(91)
fn=(342)
488 7
+14 6
758 2
+2 1
+1 1
+2 1
-3 1
+5 1
-5 1
+4 3
+4 2
+3 2
+2 1
+1 1
+2 1
-3 1
+5 1
-5 1
+4 3
+9 1
+2 8
-2 1
+3 8
500 1
+4 1
-4 1
+4 1
cfn=(344) handle_intel.constprop.1
calls=1 259 
* 452
+2 1
-2 1
+2 1
cfn=(344)
calls=1 259 
* 490
+5 1
-5 1
+5 1
cfn=(344)
calls=1 259 
* 515
* 1
+8 2
-9 1
+20 1
+5 3
+4 2
+8 6
+3 2
+9 6
+14 2
+4 1
+3 1
+1 1
-4 1
+3 1
-3 1
+3 1
+6 8
-39 3
+3 9
+6 6
-6 3
+6 2
+3 20
+5 2
+4 1
+1 1
-1 2
+1 1
691 4
+1 5
+4 2
+59 2
592 2
+8 2
+2 1
-2 6
+2 4
-2 1
+4 1
+23 2
-25 2
+2 6
+2 6
+3 2
+1 8
+2 4
+3 2
+5 1
+2 2
+1 1
+1 1
-2 2
+1 1
+1 1
+27 2
+1 2
+2 1
-1 1
+1 1
-24 2
+3 1
+1 2
+3 1
+2 4
+1 1
+5 2

fn=(346) intel_check_word.isra.0
132 12
+6 6
-10 6
+10 6
-10 12
+10 12
-10 6
+10 6
-10 6
+10 6
-10 6
+10 6
+2 48
+2 15
+2 30
+8 30
+51 24
+22 12
fi=(92) /build/glibc-vjB4T1/glibc-2.28/string/../bits/stdlib-bsearch.h
28 12
-1 24
+8 66
-6 162
+2 162
+1 81
fe=(91)
+87 162
+3 81
fi=(92)
-85 30
fe=(91)
+97 3
255 36
-91 9
+3 9
-6 3
+3 6
+9 6
+1 6
+22 5
-32 15
+3 15
+4 16
+2 32
+2 14
+1 4
+5 3
+2 6
+2 3
+2 3
+1 3
-2 3
-1 3
+2 6
-2 3
+3 3
-2 9
+2 9
-11 10
+1 6
+1 2

fn=(344)
259 21
+2 3
-2 9
+5 9
+8 3
+3 6
-2 3
+2 3
-5 6
+11 15
+5 6
+2 3
+1 3
-1 3
+5 18
cfn=(346)
calls=3 132 
* 978
+2 6
+3 21
cfn=(346)
calls=3 132 
* 302
+2 6
+19 33

fl=(106) /build/glibc-vjB4T1/glibc-2.28/time/../sysdeps/unix/sysv/linux/clock.c
fn=(454) clock
25 4
+9 4
-9 12
+9 8
cfi=(107)
cfn=(456)
calls=4 +59 
* 80
* 12
+4 4
-1 4
+1 28
+1 24

fl=(108)
fn=(458)
59 8
+1 4

fl=(97)
fn=(376)
32 1
+9 1
+1 2
+1 1
+4 1
+1 1
+1 1
+1 1
+1 1
+2 2
+2 1
+1 1
+3 2
+2 1
+23 1
cfi=(98)
cfn=(378)
calls=1 -56 
* 8

fl=(141)
fn=(602)
79 2
+1 12
+2 2
-14 4
+38 8
+1 2

fl=(114)
fn=(478)
78 8
+6 4
fi=(122)
832 3
+2 2
+1 2
fe=(114)
84 3
cfi=(112)
cfn=(480)
calls=1 1154 
* 14
* 2
+2 4
+11 4
+4 2
cob=(2)
cfi=(17)
cfn=(484)
calls=1 0 
* 70259
* 1
+2 1
-1 2
+2 4
cfi=(113)
cfn=(518)
calls=1 329 
* 18
+1 1
+1 8
-15 1
fi=(159) /build/glibc-vjB4T1/glibc-2.28/libio/../include/sys/sysmacros.h
-44 6
fe=(114)
+44 1
-2 2
+5 2

fl=(123)
fn=(526)
1267 2
-1 2
+1 8
cfn=(528) __printf_fp_l
calls=2 208 
* 3284

fn=(546) hack_digit
162 42
+3 70
+2 48
+2 8
+1 24
-1 8
+1 8
cfi=(128)
cfn=(538)
calls=8 32 
* 160
* 16
+32 40
-37 84
+37 30

fn=(528)
208 34
+50 2
-9 2
+16 2
-7 2
+10 2
-10 6
+10 2
-10 2
+10 4
fi=(124) /build/glibc-vjB4T1/glibc-2.28/stdio-common/../include/../locale/localeinfo.h
+41 6
fe=(123)
-38 4
+18 4
+8 2
-71 2
-1 2
378 6
+5 4
+40 2
+13 2
-13 12
+1 2
+1 4
+3 10
+1 4
+1 2
-2 2
+2 2
-1 2
-1 2
+2 2
-1 2
+1 2
+7 4
822 2
+10 2
-10 2
+10 4
-10 2
+10 10
+2 4
+10 4
+48 4
+15 2
-1 6
+7 2
fi=(131) /build/glibc-vjB4T1/glibc-2.28/stdio-common/../sysdeps/pthread/allocalim.h
27 4
cfi=(130)
cfn=(542)
calls=2 +1 
* 20
+2 4
fe=(123)
923 14
+1 2
+3 2
-3 2
+3 8
+26 2
-2 2
+1 4
+1 4
+4 12
-1 12
+2 12
-1 12
cfn=(546)
calls=12 162 
* 432
* 12
+3 36
-7 24
+1 4
+15 6
+1 4
cfn=(546)
calls=2 162 
* 106
+2 12
+2 3
+3 2
+4 1
+1 10
-9 1
fi=(132) /build/glibc-vjB4T1/glibc-2.28/stdio-common/../sysdeps/generic/get-rounding-mode.h
94 1
+1 4
-1 1
+1 6
fi=(133) /build/glibc-vjB4T1/glibc-2.28/stdio-common/../include/rounding-mode.h
-37 2
fe=(123)
1088 2
+7 2
+3 6
+13 6
+46 4
+2 6
-2 8
+2 10
+2 4
252 4
387 14
1260 24
387 14
cfi=(125)
cfn=(532)
calls=2 37 
* 38
* 8
+4 2
994 5
+5 1
-1 1
+1 4
+5 2
+4 2
+11 4
+69 2
fi=(132)
95 4
fi=(133)
-43 7
fe=(123)
640 4
847 2
+2 2
-1 2
+10 2
-11 4
-16 4
1166 6
846 2
+1 8
+3 8
656 6
+5 2
-5 2
cfi=(126)
cfn=(534)
calls=2 29 
* 30
+1 2
+4 2
-8 2
-10 2
+14 2
+4 2
+20 2
-24 6
+52 2
-49 2
+1 2
+48 4
-25 6
+1 4
+3 4
+1 2
+8 2
-8 2
-1 2
+2 2
+7 2
-9 2
+2 2
-2 2
+2 2
-2 2
+2 4
+7 6
+22 3
+61 22
-2 22
+2 88
666 22
+2 44
+7 4
+1 2
-1 6
+2 2
-2 4
+6 8
cfi=(127)
cfn=(536)
calls=2 48 
* 148
* 2
+5 6
+41 2
+1 4
-1 2
+1 4
+5 6
-6 2
+6 2
+3 6
-37 2
+4 2
-2 1
+2 4
+16 3
+1 2
1171 10
+9 2
+7 2
-7 4
+7 4
+5 6
cfi=(134) /build/glibc-vjB4T1/glibc-2.28/string/../sysdeps/x86_64/multiarch/strlen-avx2.S
cfn=(554) __strlen_avx2
calls=2 55 
* 38
* 2
+2 4
-2 2
+2 4
+5 2
+2 2
-2 6
+2 4
+11 12
+7 22
+3 28
+3 28
-6 42
+1 48
+1 6
-2 2
+2 2
cfi=(135)
cfn=(558)
calls=2 213 
* 34
* 2
-2 4
+10 12
+17 8
+3 6
+7 6
-10 224
cfi=(113)
cfn=(562)
calls=16 199 
* 800
* 32
-78 4
911 6
770 2
cfi=(129)
cfn=(540)
calls=2 29 
* 34
+3 10
+86 6
1161 10
847 6
+98 2
+2 2
826 2
946 2
-1 2
+2 6
804 6
1016 2
1195 4
-33 4
737 4
+7 6
+3 10
+13 4

fl=(75)
fn=(260)
32 4
-2 2
+2 4
-2 4
+5 2
-1 8
fi=(160) /build/glibc-vjB4T1/glibc-2.28/wcsmbs/../sysdeps/x86_64/multiarch/wmemset.c
-3 2
fe=(75)

fl=(134)
fn=(554)
55 2
+1 2
+1 2
+3 2
+1 2
+1 2
+32 2
+1 2
+1 2
+1 2
+2 2
+1 2
+1 2
+1 2
+6 2
+1 2
+1 2
+4 2
+1 2

ob=(5)
fl=(101) /home/panda/git/block-memory-allocator/src/allocator.h
fn=(444) get_bucket
221 45
+1 60
+1 45
+1 30

fn=(410) calc_alloc_size
234 333
+1 222
+1 222

fn=(388) align
213 381
+1 381
+1 254

fn=(422) can_split
242 56
+1 70
+1 28

fn=(418) can_coalesce
249 315
+1 648
+1 210

fl=(93)
fn=(352)
0 11
cob=(3)
cfi=(94)
cfn=(354)
calls=1 137 
0 129823

fn=(362)
0 14
cob=(2)
cfi=(17)
cfn=(364)
calls=1 0 
0 6
0 8
cfn=(368) 0x0000000000001190
calls=1 0 
0 11
0 11

fn=(592)
0 8
cob=(2)
cfi=(17)
cfn=(598)
calls=1 0 
0 74
0 1
cfn=(606) 0x00000000000010e0
calls=1 0 
0 5
0 3

fn=(368)
0 11

fn=(606)
0 5

fl=(99)
fn=(380)
7 4
+1 2
cfi=(100) /home/panda/git/block-memory-allocator/src/allocator.c
cfn=(382) init
calls=1 246 
* 40
+1 3
cfi=(100)
cfn=(386) alloc
calls=1 113 
* 991
* 1
+1 3
cfi=(100)
cfn=(412) get_header
calls=1 364 
* 7
* 1
+1 4
+5 3
cfi=(100)
cfn=(386)
calls=1 +97 
* 154
* 1
+1 3
cfi=(100)
cfn=(412)
calls=1 364 
* 7
* 1
+1 4
+2 4
cfi=(100)
cfn=(414) free_mem
calls=1 372 
* 47
+1 5
+2 3
cfi=(100)
cfn=(386)
calls=1 +90 
* 94
* 1
+1 3
cfi=(100)
cfn=(412)
calls=1 364 
* 7
* 1
+1 4
+1 3
+3 2
cfi=(100)
cfn=(382)
calls=1 246 
* 922
+7 3
cfi=(100)
cfn=(386)
calls=1 +77 
* 148
+1 3
cfi=(100)
cfn=(386)
calls=1 +76 
* 159
+1 3
cfi=(100)
cfn=(386)
calls=1 +75 
* 167
+3 3
cfi=(100)
cfn=(386)
calls=1 +72 
* 177
* 1
+1 3
cfi=(100)
cfn=(386)
calls=1 +71 
* 187
* 1
+3 4
cfi=(100)
cfn=(414)
calls=1 372 
* 53
+1 4
cfi=(100)
cfn=(414)
calls=1 372 
* 47
+3 3
cfi=(100)
cfn=(386)
calls=1 +64 
* 119
* 1
+2 2
cfi=(100)
cfn=(430) get_search_start
calls=1 302 
* 5
* 4
cfi=(100)
cfn=(412)
calls=1 364 
* 7
* 2
+4 3
cfi=(100)
cfn=(386)
calls=1 +58 
* 99
+2 2
cfi=(100)
cfn=(382)
calls=1 246 
* 67
+7 3
cfi=(100)
cfn=(386)
calls=1 +49 
* 146
+1 3
cfi=(100)
cfn=(386)
calls=1 +48 
* 157
* 1
+1 3
cfi=(100)
cfn=(386)
calls=1 +47 
* 167
+1 3
cfi=(100)
cfn=(386)
calls=1 +46 
* 177
* 1
+3 4
cfi=(100)
cfn=(414)
calls=1 372 
* 47
+3 4
cfi=(100)
cfn=(414)
calls=1 372 
* 53
+5 3
cfi=(100)
cfn=(386)
calls=1 +35 
* 139
* 1
+1 3
cfi=(100)
cfn=(412)
calls=1 364 
* 7
* 4
cfi=(100)
cfn=(412)
calls=1 364 
* 7
* 2
+6 3
cfi=(100)
cfn=(386)
calls=1 +28 
* 165
* 1
+1 3
cfi=(100)
cfn=(412)
calls=1 364 
* 7
* 4
cfi=(100)
cfn=(412)
calls=1 364 
* 7
* 2
+2 2
cfi=(100)
cfn=(382)
calls=1 246 
* 70
+2 3
cfi=(100)
cfn=(386)
calls=1 +23 
* 143
+1 3
cfi=(100)
cfn=(386)
calls=1 +22 
* 144
+1 3
cfi=(100)
cfn=(386)
calls=1 +21 
* 144
* 1
+1 3
cfi=(100)
cfn=(386)
calls=1 +20 
* 144
+2 4
cfi=(100)
cfn=(414)
calls=1 372 
* 69
+1 2
cfi=(100)
cfn=(440) get_free_list_size
calls=1 376 
* 5
* 2
+2 3
cfi=(100)
cfn=(386)
calls=1 +15 
* 93
* 1
+1 2
cfi=(100)
cfn=(440)
calls=1 376 
* 5
* 2
+1 3
cfi=(100)
cfn=(412)
calls=1 364 
* 7
* 4
cfi=(100)
cfn=(412)
calls=1 364 
* 7
* 2
+3 2
cfi=(100)
cfn=(382)
calls=1 246 
* 237
+2 3
cfi=(100)
cfn=(386)
calls=1 +8 
* 196
* 1
+1 3
cfi=(100)
cfn=(386)
calls=1 +7 
* 197
* 1
+2 3
cfi=(100)
cfn=(412)
calls=1 364 
* 7
* 3
cfi=(100)
cfn=(446) get_segregated_starts
calls=1 +96 
* 5
* 3
+1 3
cfi=(100)
cfn=(412)
calls=1 364 
* 7
* 3
cfi=(100)
cfn=(446)
calls=1 +95 
* 5
* 4
+2 3
cfi=(100)
cfn=(386)
calls=1 +2 
* 196
* 1
+1 3
cfi=(100)
cfn=(412)
calls=1 364 
* 7
* 3
cfi=(100)
cfn=(446)
calls=1 +92 
* 5
* 4
+2 3
cfi=(100)
cfn=(386)
calls=1 -1 
* 197
* 1
+1 3
cfi=(100)
cfn=(412)
calls=1 364 
* 7
* 3
cfi=(100)
cfn=(446)
calls=1 +89 
* 5
* 5
+2 3
cfi=(100)
cfn=(386)
calls=1 -4 
* 196
* 1
+1 3
cfi=(100)
cfn=(412)
calls=1 364 
* 7
* 3
cfi=(100)
cfn=(446)
calls=1 +86 
* 5
* 4
+2 4
cfi=(100)
cfn=(414)
calls=1 372 
* 92
+2 3
cfi=(100)
cfn=(386)
calls=1 -9 
* 96
* 1
+1 3
cfi=(100)
cfn=(412)
calls=1 364 
* 7
* 4
cfi=(100)
cfn=(412)
calls=1 364 
* 7
* 2
+1 4
cfi=(100)
cfn=(414)
calls=1 372 
* 92
+1 3
cfi=(100)
cfn=(386)
calls=1 -12 
* 96
* 1
+1 3
cfi=(100)
cfn=(412)
calls=1 364 
* 7
* 4
cfi=(100)
cfn=(412)
calls=1 364 
* 7
* 2
+1 4
cfi=(100)
cfn=(414)
calls=1 372 
* 92
+2 2
cfi=(100)
cfn=(382)
calls=1 246 
* 40
+2 1
+1 1
cob=(1)
cfi=(102)
cfn=(400)
calls=1 -60 
* 885
* 5
* 1
+1 2
+1 495
cfi=(100)
cfn=(386)
calls=99 -21 
* 14757
* 99
+1 396
cfi=(100)
cfn=(414)
calls=99 372 
* 6328
-2 399
+5 1
cob=(3)
cfi=(106)
cfn=(454)
calls=1 25 
* 45
* 1
* 1
+2 8
cob=(1)
cfi=(102)
cfn=(400)
calls=1 -68 
* 74303
* 5
+2 1
cob=(3)
cfi=(106)
cfn=(454)
calls=1 25 
* 45
* 1
* 1
+1 2
+1 495
cob=(3)
cfi=(116)
cfn=(486)
calls=98 3020 
* 8990
cob=(1)
cfi=(102)
cfn=(400)
calls=1 -72 
* 1092
* 103
* 99
+1 297
cob=(3)
cfi=(116)
cfn=(580)
calls=98 3078 
* 8232
cob=(1)
cfi=(102)
cfn=(400)
calls=1 -73 
* 924
* 103
-2 399
+4 1
cob=(3)
cfi=(106)
cfn=(454)
calls=1 25 
* 45
* 1
* 1
+1 8
cob=(3)
cfi=(109)
cfn=(464)
calls=1 28 
* 2351
* 1
+1 1
+1 4

fl=(100)
fn=(428) next_fit_search
282 28
+1 21
+1 4
+2 4
+2 2
-2 10
+2 5
+2 72
+1 42
+1 14
+2 4
+2 10
cfn=(420) list_allocate
calls=2 +88 
* 62
* 2
-8 42
+11 5
+1 14

fn=(392) request_mem_from_OS
352 444
+2 222
cob=(3)
cfi=(104)
cfn=(406)
calls=110 32 
* 1980
cob=(1)
cfi=(102)
cfn=(400)
calls=1 72 
* 862
* 115
* 111
+3 333
cfi=(101)
cfn=(410)
calls=111 234 
* 777
* 222
cob=(3)
cfi=(104)
cfn=(406)
calls=111 32 
* 4218
* 111
* 222
+4 111
+1 222

fn=(412)
364 381
+1 254
+2 254

fn=(434) split_default
15 4
+1 4
+1 9
+1 4
+1 3
+1 3
+1 2
+1 1
+1 2

fn=(446)
204 10
+1 5
+1 10

fn=(420)
384 70
+2 70
cfi=(101)
cfn=(422)
calls=14 242 
* 154
* 28
+1 6
cfn=(434)
calls=1 15 
* 32
* 1
+3 2
+1 3
+2 1
+1 2
-4 26
+1 39
+2 13
+1 26

fn=(432) best_fit_search
331 24
+1 12
+1 6
+1 6
+2 68
+1 33
+1 11
+2 12
+1 6
+1 9
-8 40
+13 12
+1 10
cfn=(420)
calls=2 +36 
* 101
* 2
+1 4
+1 12

fn=(436) free_list_search
306 416
+1 208
+1 104
+2 400
+1 273
+1 91
+4 36
+1 6
+1 32
+3 8
+1 8
+2 24
+2 40
cfn=(420)
calls=8 +58 
* 248
-2 3
+2 5
cfn=(420)
calls=1 +58 
* 31
* 9
-18 390
+20 95
+1 208

fn=(440)
376 4
+1 2
+1 4

fn=(414)
372 432
+1 432
cfn=(448) free_segregated
calls=3 70 
* 243
cfn=(438) free_free_list
calls=100 50 
* 5297
cfn=(416) free_default
calls=5 42 
* 192
+1 324

fn=(442) segregated_fit_search
176 28
+2 21
cfi=(101)
cfn=(444)
calls=7 +43 
* 84
* 7
+1 42
+1 7
+2 8
+6 8
+2 8
+3 10
+1 10
+2 22
+2 4
+1 4
-19 14
+21 5
+1 14

fn=(384) reset_heap
212 18
+2 18
+5 12
cob=(3)
cfi=(105)
cfn=(408)
calls=3 31 
* 30
cob=(1)
cfi=(102)
cfn=(400)
calls=1 72 
* 861
* 8
+2 4
+1 4
+1 4
+1 12
+1 1
+1 1
+1 1
+2 12
+1 1
+1 1
+1 2
+1 30
+1 30
+1 30
+1 30
+1 30
-5 20
+8 4
+1 4
+1 4
+1 8
-28 2
+29 12

fn=(416)
42 20
+1 15
cfn=(412)
calls=5 364 
* 35
* 5
+1 15
cfi=(101)
cfn=(418)
calls=5 249 
* 67
* 10
+3 10
+1 15

fn=(430)
302 2
+1 1
+1 2

fn=(438)
50 400
+1 300
cfn=(412)
calls=100 364 
* 700
* 100
+1 300
cfi=(101)
cfn=(418)
calls=100 249 
* 1106
* 200
+3 200
+3 300
+1 18
+2 300
+1 273
+2 273
+1 182
+2 273
+1 273
-4 27
+1 18
+2 27
+1 27

fn=(448)
70 12
+1 9
cfn=(412)
calls=3 364 
* 21
* 3
+1 6
+1 12
cfi=(101)
cfn=(444)
calls=3 221 
* 36
* 3
+2 21
+1 18
+2 21
+3 21
+1 18
+2 33
+1 9

fn=(382)
246 24
+1 12
+1 12
cfn=(384)
calls=6 -36 
* 1194
+2 66
+2 2
+1 2
+1 2
+1 2
+1 1
+2 2
+1 2
+1 2
+1 2
+1 1
+2 2
+1 2
+1 2
+1 2
+1 1
+2 4
+1 4
+1 4
+1 4
+1 2
+2 2
+1 2
+1 1
+2 18

fn=(386)
113 508
+1 381
cfi=(101)
cfn=(388)
calls=127 +99 
* 1016
* 127
+2 508
cfn=(442)
calls=7 +60 
* 296
cfn=(436)
calls=104 306 
* 2635
cfn=(432)
calls=6 331 
* 368
cfn=(428)
calls=7 282 
* 341
cfn=(390) first_fit_search
calls=3 +42 
* 100
* 381
+1 48
+3 333
cfn=(392)
calls=111 352 
* 9950
* 111
+2 333
+1 222
+2 333
+1 15
cfi=(101)
cfn=(444)
calls=5 +95 
* 60
* 5
+2 35
+1 18
+3 35
+1 14
+2 35
+3 318
+1 10
+4 318
+1 303
+2 202
+3 202
+1 202
-4 10
+3 10
+1 10
-1 10
+1 42

fn=(390)
158 12
+1 6
+2 3
+2 16
+1 6
+1 2
+4 5
cfn=(420)
calls=1 384 
* 31
* 1
-8 10
+11 2
+1 6

ob=(4)
fl=(83)
fn=(624) 0x0000000000001050
0 5

fn=(614)
0 8
cob=(2)
cfi=(17)
cfn=(620)
calls=1 0 
0 74
0 1
cfn=(624)
calls=1 0 
0 5
0 3

fn=(320)
0 11

totals: 253384
